0.0097476
-0.0064835
0.12071
0.071728
0.025123
-0.013412
0.19096
0.071327
-0.020007
0.0021552
0.25929
0.054452
0.010175
-0.0081596
0.13652
0.038399
-0.0057685
-0.0086304
0.15335
0.10412
0.11586
0.053202
0.29051
0.16474
-0.0094401
-0.02094
0.37334
0.10027
0.011826
0.021895
0.17499
0.053139
0.010201
0.024042
0.1324
0.12395
0.035789
-0.014989
0.2448
0.24535
0.024347
-0.045733
0.40192
0.11761
0.028015
-0.0031032
0.17249
0.061912
0.037108
0.012868
0.12329
0.078447
-0.0421
0.022676
0.1666
0.15171
-0.00879
0.0075564
0.18568
0.11423
0.020489
-0.013135
0.088817
0.029712
