0.017724
-0.007884
0.12508
0.068806
0.11287
-0.046502
0.21552
0.12756
0.075529
-0.025864
0.096467
0.039518
-0.11595
0.049035
0.12256
0.051775
0.07111
-0.027023
0.14774
0.075511
0.030319
-0.019452
0.33082
0.19931
0.23389
-0.10423
0.26272
0.12864
-0.085379
0.033511
0.11083
0.046028
0.01971
-0.008127
0.10378
0.061949
-0.0047972
0.00032031
0.3182
0.1777
0.22803
-0.094433
0.3339
0.18339
0.040332
-0.019227
0.083349
0.037578
-0.030717
0.009668
0.059211
0.033914
0.056426
-0.0236
0.17954
0.085852
0.047125
-0.020204
0.20628
0.12383
0.084859
-0.03719
0.093412
0.043872
