0.0021314
0.0091578
0.0087289
0.0094062
0.0021704
0.015545
0.013047
0.01699
0.022034
-0.00026804
0.03072
0.02951
-0.0089736
-0.026763
0.035734
0.038451
0.024359
0.020819
0.039103
0.022139
-0.0163
0.051417
0.052687
0.053664
-0.0067933
0.029237
0.029921
0.037286
-0.016084
0.011364
0.016772
0.01637
-0.013461
0.22438
0.073532
0.26845
0.016882
0.31708
0.11617
0.42248
-0.002238
0.35294
0.080176
0.42735
-0.0075212
0.25173
0.028812
0.28125
-0.022906
0.022452
0.043707
0.05091
0.0016284
0.044062
0.087094
0.17952
-0.01141
-0.022193
0.12162
0.15076
-0.0075663
-0.010179
0.055359
0.1049
