0.019321
0.051804
0.071239
0.090772
0.00088182
0.0090803
0.10023
0.18018
-0.040599
0.024074
0.135
0.1814
-0.042547
0.01766
0.075873
0.055585
-0.00019204
-0.0069468
0.15174
0.11653
-0.018783
0.053503
0.20499
0.27251
-0.05188
0.022191
0.27886
0.32261
-0.054735
0.014573
0.14659
0.1145
0.06548
0.0030741
0.15787
0.082166
-0.0058987
0.048288
0.31245
0.20374
-0.031925
0.048474
0.29582
0.19766
-0.095595
0.012371
0.17483
0.078549
0.03593
-0.019415
0.10647
0.04445
0.012969
-0.032622
0.18487
0.12995
-0.031899
0.0054177
0.1619
0.14338
-0.059281
0.00678
0.14506
0.067713
