0.0091049
0.0094754
0.082985
0.046298
-0.06325
0.0048781
0.23022
0.014347
-0.13409
0.00022039
0.2427
0.034694
0.0068648
-0.019064
0.014249
0.036155
6.3045e-05
-0.0098983
0.072429
0.070818
-0.088193
0.0045679
0.34841
0.028841
-0.21588
0.012178
0.38346
0.021894
-0.004662
0.0059986
0.01072
0.012465
0.010674
-0.0064693
0.11681
0.064398
-0.075985
-0.016294
0.37633
0.032914
-0.20986
-0.00095479
0.39792
0.020563
-0.0040997
0.0005148
0.011282
0.0090526
0.00029844
-0.019309
0.0735
0.031888
-0.037985
-0.011145
0.23792
0.017549
-0.13176
-0.00085982
0.25656
0.017751
-0.0005174
-0.00081454
0.0071601
0.0052216
