0.012563
-0.0097238
0.1047
0.061894
-0.10421
0.026427
0.21097
0.14517
-0.0045212
0.0044519
0.14203
0.091459
0.0098817
-0.0012819
0.058438
0.064495
0.057444
-0.021055
0.20144
0.1066
-0.049177
0.051879
0.3264
0.22121
-0.11527
0.078572
0.2605
0.16141
0.027936
-0.011055
0.12695
0.07113
0.078003
-0.047562
0.16094
0.094482
-0.021356
-0.054083
0.31685
0.22984
-0.11906
0.021831
0.28185
0.18329
-0.00015401
-0.0141
0.14464
0.071967
0.023604
0.00097863
0.093076
0.046784
0.0031848
-0.0061145
0.22585
0.12903
-0.011118
0.0030578
0.21007
0.15581
-0.036784
0.023093
0.11134
0.064396
