0.0044451
0.0028633
0.091527
0.070705
0.00072349
-0.0073239
0.15558
0.14004
-0.010867
-0.0089041
0.14115
0.13193
-0.0059551
-0.0053866
0.10781
0.095111
-0.009206
-0.014486
0.15301
0.12476
-0.015488
-0.042122
0.25435
0.2157
0.015313
-0.033083
0.26426
0.24956
-0.021248
-0.0018378
0.18053
0.16369
-0.0058237
0.0020641
0.15239
0.17128
-0.022745
-0.0026809
0.26101
0.24608
0.018714
-0.018553
0.28115
0.25594
-0.017925
-0.02021
0.17693
0.15545
-0.0010861
-0.01232
0.10107
0.096538
-0.022537
-0.010201
0.16623
0.15215
-0.0071931
-0.01599
0.18399
0.15246
-0.0039345
-0.0082752
0.11656
0.11518
