0.043403
0.021702
0.12425
0.060131
-0.010058
0.013274
0.14182
0.13741
-0.0037471
-0.012438
0.11116
0.19435
-0.030662
-0.017177
0.12749
0.11935
0.029021
-0.0040693
0.17384
0.069047
0.040929
0.033152
0.25935
0.17798
-0.0039681
0.085614
0.28612
0.26864
-0.043956
0.053296
0.17734
0.1737
0.0042094
-0.012904
0.17755
0.069924
0.1302
-0.046904
0.27791
0.12527
-0.011648
0.012274
0.33586
0.19166
-0.058219
0.0064607
0.2015
0.1229
-0.013942
-0.010459
0.088388
0.044226
0.052782
-0.019694
0.19867
0.071072
0.027424
-0.01603
0.13851
0.17739
-0.028814
0.00033035
0.10749
0.11189
