-0.0013579
0.006994
0.0063731
0.036005
-0.0032922
0.011627
0.0095466
0.05917
0.0002196
0.0031949
0.011418
0.060229
-0.0022707
-0.0027487
0.0052138
0.041105
-0.0011029
-0.102
0.0085105
0.1076
-0.0030965
-0.14624
0.011838
0.15122
0.00057195
-0.12314
0.016188
0.12861
-0.00010176
-0.059666
0.0079254
0.061667
-0.00053631
-0.25828
0.015869
0.2636
0.02547
-0.38616
0.038324
0.41703
0.046172
-0.35007
0.049925
0.4176
0.0047815
-0.21889
0.019239
0.24793
0.0021009
0.0053103
0.0073889
0.013388
0.010556
-0.00067114
0.03735
0.041577
0.028322
-0.027797
0.045056
0.052636
0.0049894
-0.0086869
0.017859
0.017253
