-0.03638
-0.0011148
0.058279
0.045151
0.013831
-0.040771
0.16461
0.15959
0.0091379
-0.014545
0.16462
0.056729
0.0032631
0.0078651
0.030741
0.014199
-0.057016
-0.00056576
0.11716
0.067091
-0.008046
-0.024598
0.35856
0.35024
0.063818
-0.00080538
0.26721
0.12351
0.01225
0.01224
0.04859
0.019145
-0.044833
-0.011132
0.15753
0.10728
-0.0028159
-0.00048408
0.33156
0.40203
0.069071
-0.005146
0.25377
0.14692
0.017511
-0.00082274
0.032399
0.013453
-0.025717
0.00076946
0.11128
0.053059
0.0027751
0.0010229
0.21501
0.21392
0.037464
0.0024805
0.14878
0.075442
0.010053
-0.0044809
0.016309
0.0051571
