0.0096027
0.030916
0.050814
0.038671
-0.18833
0.017515
0.22609
0.058699
-0.054194
-0.008416
0.082416
0.042257
0.0010348
-0.00058525
0.013028
0.013023
0.0054942
0.039911
0.079285
0.066174
-0.35927
0.0041866
0.42722
0.068733
-0.065113
-0.0056064
0.12448
0.027098
-0.0026845
0.011804
0.025238
0.01522
-0.024058
0.021129
0.10756
0.059655
-0.39199
-0.025902
0.4472
0.060687
-0.034442
-0.0050787
0.11877
0.029031
-0.01474
0.00064709
0.064626
0.030174
-0.033937
-0.0073592
0.066497
0.034826
-0.24474
-0.013152
0.27165
0.025722
-0.027416
-0.0078042
0.055057
0.020435
-0.0086099
-0.012709
0.027007
0.016387
