0.0021982
0.0038372
0.0042077
0.0054461
0.0057786
0.0051567
0.0062203
0.0082051
-0.0013621
0.003013
0.0059159
0.013016
-0.0036176
-0.0004732
0.0044513
0.010543
-0.0064702
0.24428
0.012316
0.24526
-0.0082982
0.37814
0.015639
0.38379
-0.018999
0.37348
0.024153
0.38845
-0.014208
0.2375
0.016198
0.25296
-0.0038416
0.033471
0.066933
0.12607
0.00055045
0.060326
0.088885
0.16936
-0.011965
0.050261
0.11866
0.18642
0.001301
0.040354
0.059724
0.14259
-0.0015815
0.025083
0.035162
0.07624
-0.0052305
0.037482
0.041631
0.097018
-0.0070583
0.039498
0.054059
0.087612
0.0028531
0.027062
0.032267
0.059937
