0.0073309
-0.0071084
0.026055
0.018387
0.026095
-0.016543
0.089552
0.032009
0.2438
-0.012737
0.26466
0.022598
-0.0046029
-0.00050857
0.01358
0.0093498
0.0046427
-0.015289
0.027722
0.03306
0.030704
-0.011806
0.10003
0.047301
0.39295
-0.0092735
0.42589
0.031477
-0.0018743
-0.0013408
0.021585
0.01243
0.016973
-0.0084722
0.034619
0.030339
0.031003
-0.0096107
0.093109
0.03481
0.40082
-0.0019643
0.42867
0.025634
-0.0041886
-0.0035229
0.020992
0.016374
-0.0046111
0.0015704
0.027423
0.023254
0.050965
-0.0030041
0.085013
0.028521
0.24519
0.014073
0.26883
0.035543
-0.003019
-0.0030783
0.015243
0.014343
