0.0048474
0.0056032
0.03927
0.026297
0.2305
0.010976
0.25535
0.057857
0.053075
-0.0032468
0.12766
0.061436
-0.11122
-0.0046337
0.14674
0.026471
0.017265
0.0092317
0.089109
0.024636
0.33383
0.021418
0.37593
0.040503
0.077456
-0.014253
0.17125
0.055011
-0.17205
-0.00012066
0.21034
0.029533
0.035258
0.0075825
0.079442
0.015804
0.30573
0.0094906
0.34323
0.024736
0.074204
0.015311
0.14715
0.045096
-0.16369
-0.0071358
0.20978
0.030656
0.025373
0.0027198
0.05103
0.010694
0.20012
0.0028361
0.20756
0.017122
0.040037
0.001009
0.068022
0.01178
-0.10799
-0.0048149
0.12349
0.012501
