-0.02431
-7.3729e-05
0.065326
0.060955
0.022161
0.0071288
0.10074
0.24657
-0.012954
0.0045805
0.17846
0.16335
0.028566
7.2166e-05
0.091421
0.032174
-0.02409
0.0041867
0.094099
0.061609
0.0077708
0.012888
0.20324
0.31259
0.004184
0.026912
0.32023
0.25344
0.03556
0.0094356
0.14618
0.045207
-0.045005
0.0044843
0.099165
0.085592
0.013464
-0.016409
0.22914
0.31038
0.011215
-0.026372
0.25677
0.34339
0.038711
-0.0049893
0.12631
0.063527
-0.035692
0.0077528
0.039858
0.038788
0.010282
0.010573
0.15201
0.16891
0.0015502
-0.0024545
0.15511
0.20453
0.02874
-0.0030945
0.082876
0.040882
