-0.057193
0.029058
0.069662
0.038323
0.21077
-0.018353
0.26364
0.041698
0.087466
-0.0068829
0.10075
0.0091988
-0.025155
0.0023078
0.043852
0.025683
-0.044752
0.0062634
0.13621
0.10306
0.26478
0.035139
0.43674
0.05755
0.14558
0.0026796
0.16576
0.01125
-0.032461
0.0057623
0.062172
0.029157
-0.037012
-0.018288
0.13972
0.14894
0.29497
0.015974
0.44146
0.12811
0.1362
0.0031225
0.15499
0.011245
-0.0043365
0.0039812
0.03535
0.0097724
-0.0074831
0.031495
0.060179
0.05905
0.15292
0.027924
0.25595
0.069262
0.072805
0.0029485
0.083698
0.0071831
-0.00056154
0.0011232
0.011223
0.0024952
