-0.026253
0.0070066
0.038722
0.010886
0.012385
0.0047592
0.077815
0.013552
0.18763
0.010191
0.26998
0.042804
0.049746
0.011931
0.082516
0.037913
-0.029884
0.010903
0.033437
0.012149
-0.018552
0.023519
0.12201
0.031125
0.31065
0.0096489
0.47233
0.044124
0.046465
0.0071207
0.15831
0.031844
-0.0085549
0.005682
0.019355
0.0079033
-0.055664
0.017151
0.1087
0.036514
0.31525
-0.010223
0.44173
0.048681
0.047418
-0.013785
0.15407
0.025146
0.025148
-0.030252
0.031297
0.046424
-0.042517
0.0016656
0.098096
0.02811
0.20107
0.0003597
0.29718
0.025474
0.044659
0.00019422
0.1051
0.034136
