-0.0062107
0.0085743
0.04342
0.039912
0.032922
0.0041899
0.07515
0.037302
0.23583
0.035787
0.24515
0.050681
-0.012851
-0.016732
0.056742
0.043907
0.025572
-0.00013666
0.099088
0.067652
0.039111
0.033685
0.193
0.055577
0.35714
0.0036518
0.37434
0.015377
-0.046307
0.0027229
0.17323
0.082573
0.029428
-0.011025
0.083591
0.042438
0.048332
0.010338
0.22795
0.08259
0.3366
0.012154
0.38286
0.021293
-0.077356
-0.0040563
0.15615
0.022915
0.014053
-0.0096256
0.047697
0.022411
0.056301
-0.0053916
0.14381
0.057523
0.20866
0.0021441
0.22496
0.017492
-0.044071
0.012773
0.089152
0.031553
