-0.031982
0.012568
0.050693
0.02939
0.084397
-0.034011
0.18159
0.092167
0.018481
-0.005522
0.23759
0.16261
0.11962
-0.047079
0.13125
0.065619
-0.054963
0.016374
0.086071
0.036675
0.074259
-0.033262
0.16524
0.10605
0.0050734
-0.0066818
0.38085
0.23668
0.17969
-0.059266
0.25652
0.14063
-0.011224
0.022398
0.12706
0.086875
-0.053512
0.046479
0.14582
0.10678
0.1051
-0.039872
0.33365
0.1758
0.084487
-0.034451
0.26013
0.17441
0.030248
0.0099511
0.06696
0.059102
-0.088079
0.042013
0.15018
0.085785
0.074222
-0.027379
0.15041
0.08584
-0.0056333
0.0011606
0.16324
0.09973
