0.0042697
0.011237
0.10374
0.066164
-0.020095
0.0041194
0.18534
0.12357
0.015215
-0.0078044
0.25914
0.13476
-0.021394
-0.0064603
0.09967
0.051721
-0.011624
-0.0011212
0.15095
0.060348
-0.027461
-0.024797
0.34337
0.20314
0.021288
-0.0047579
0.41261
0.20642
-0.026604
-0.0048623
0.15134
0.082974
-0.0089002
-0.011962
0.14268
0.062881
-0.041757
0.01077
0.33064
0.16053
0.029616
-0.013399
0.31186
0.19569
-0.040332
-0.021892
0.12507
0.069228
0.0062527
-0.0036812
0.054664
0.034797
-0.025022
-0.0045006
0.10343
0.080751
-0.018823
-0.0311
0.20841
0.097948
0.0012407
-0.0080077
0.076944
0.043967
