0.021457
0.013649
0.13468
0.072677
-0.15691
-0.01327
0.30163
0.058755
-0.028483
-0.019675
0.13148
0.0373
0.0059157
-0.0045617
0.027539
0.019365
0.015197
0.0073686
0.24005
0.10606
-0.27427
-0.024354
0.49283
0.062081
-0.04218
-0.024057
0.16357
0.057418
0.016876
-0.0172
0.042365
0.036848
-0.0083856
-0.021024
0.206
0.10106
-0.26714
-0.032734
0.38977
0.057227
-0.043999
-0.014573
0.12642
0.03598
0.020329
-0.0098934
0.05205
0.031937
0.011486
-0.0042778
0.10402
0.058992
-0.17241
-0.0056426
0.21953
0.022158
-0.024703
-0.0093939
0.081582
0.035414
0.01451
-0.0097105
0.028808
0.026078
