-0.031926
-0.00091639
0.03428
0.0059937
0.2121
-0.0091363
0.23683
0.016487
0.062455
-0.00053538
0.10273
0.0041698
-0.029747
-0.0003906
0.084144
0.033915
-0.059382
-0.0011221
0.063031
0.021722
0.34519
0.00039425
0.41792
0.036881
0.096319
0.0032212
0.15878
0.0089297
-0.037414
0.0005312
0.10568
0.040966
-0.038863
-0.010265
0.044413
0.020539
0.34852
0.013299
0.44019
0.033614
0.09407
0.0051853
0.16628
0.0092352
-0.050756
-0.0094183
0.1341
0.063771
-0.014322
0.0030179
0.018041
0.005406
0.22169
0.022282
0.26188
0.025071
0.048529
0.0038623
0.090853
0.0063738
-0.029105
0.00035577
0.08281
0.033486
