-0.0065206
0.00066108
0.072508
0.0047365
-0.13211
0.032421
0.29263
0.046227
-0.027438
-0.00025437
0.048519
0.019259
0.024147
-0.0068047
0.029976
0.012528
0.0017713
0.0051762
0.1165
0.0084801
-0.21486
0.01006
0.51396
0.062244
-0.0736
-0.00043617
0.11571
0.042732
0.028233
-0.0051938
0.044649
0.021662
0.013193
0.0044342
0.11282
0.0087188
-0.24197
-0.0072783
0.53536
0.031919
-0.050198
-0.00015979
0.11698
0.034114
0.01382
6.7395e-05
0.027261
0.013491
0.0079514
-0.0010758
0.073436
0.012175
-0.15964
-0.018171
0.33909
0.042265
-0.028785
-0.0084493
0.060018
0.019831
0.0002085
-0.011822
0.010288
0.017462
