-0.010288
-0.010676
0.05245
0.029664
-0.008044
-0.010414
0.047246
0.019572
-0.016851
-0.017118
0.33089
0.041116
-0.045839
-0.038169
0.055791
0.044887
-0.011801
0.0068315
0.087402
0.044799
-0.0063225
0.0040626
0.07738
0.026003
-0.089474
-0.022934
0.56508
0.03364
-0.044892
-0.0032286
0.069062
0.02634
-0.017097
-0.0025497
0.087321
0.043207
-0.012875
0.0046159
0.078947
0.027148
-0.10321
-0.01188
0.57556
0.028219
-0.036113
-0.0068987
0.068866
0.016402
-0.0080757
0.0048188
0.051815
0.028159
-0.0020122
0.0056924
0.052593
0.018938
-0.073378
0.0048171
0.37149
0.013353
-0.024164
-0.0053188
0.05141
0.012604
