-0.0071979
0.0015833
0.096013
0.072216
-0.099305
0.0020457
0.23215
0.084425
-0.024941
-0.0067612
0.20665
0.070119
0.022941
0.0019311
0.13384
0.022464
-0.013858
-0.011397
0.17925
0.080062
-0.15444
-0.016177
0.3804
0.090459
-0.047254
-0.018935
0.27117
0.13947
0.050981
0.00236
0.17839
0.043209
-0.013832
0.014995
0.16054
0.092718
-0.15892
0.018451
0.38431
0.10408
-0.056232
0.014888
0.3044
0.10823
0.049584
0.0032364
0.15103
0.037451
-0.0030265
0.0030391
0.082229
0.054199
-0.10994
0.006223
0.23021
0.07504
-0.03197
-0.00024668
0.201
0.10359
0.027824
0.0083676
0.11089
0.023101
