0.013603
-0.0038181
0.10021
0.10218
-0.012945
-0.017247
0.18869
0.2054
0.022824
0.011254
0.22706
0.13228
0.0038618
0.015943
0.076984
0.044559
-0.014101
6.5112e-05
0.13951
0.11802
0.047957
-0.0036353
0.29017
0.29035
0.0097212
0.031858
0.31495
0.17161
0.0015508
-0.011253
0.11527
0.054955
-0.014892
0.010673
0.12034
0.10706
0.059112
0.014645
0.31291
0.28377
0.00014425
0.0061468
0.3117
0.11658
0.0012718
0.0052662
0.10897
0.045184
-0.026969
0.0075919
0.10841
0.057583
0.062556
0.011791
0.14991
0.1903
0.0018217
0.013323
0.19781
0.09323
-0.0042199
0.011946
0.10253
0.04636
