-0.032071
0.013272
0.095444
0.078818
-0.12357
0.058217
0.21038
0.154
0.037079
-0.023415
0.15526
0.088986
0.017398
-0.010421
0.02522
0.016392
-0.026832
0.0010326
0.15898
0.12829
-0.12396
0.036145
0.29077
0.18832
-0.061803
0.01175
0.33184
0.15202
0.032703
-0.041561
0.053326
0.044744
-0.031438
-0.002365
0.15421
0.15376
-0.057406
0.0035658
0.25507
0.20908
-0.16844
0.071804
0.33774
0.21508
0.033939
-0.012724
0.11629
0.088606
-0.0087095
-0.0024757
0.10319
0.10638
-0.025038
0.0083226
0.15182
0.14363
-0.11522
0.023288
0.18379
0.15534
0.0014392
0.00076958
0.12002
0.089463
