0.030914
-0.017551
0.11389
0.047327
0.027096
-0.022433
0.24517
0.090638
-0.056921
0.0084722
0.2187
0.041105
-0.035314
-0.0056254
0.061443
0.011723
0.0042398
-0.0015139
0.11686
0.059331
0.17769
-0.035415
0.33461
0.11646
-0.1118
0.026756
0.36828
0.076727
-0.054102
0.001314
0.10965
0.022137
-0.0037554
0.002666
0.12796
0.051756
0.2058
-0.051725
0.34814
0.13329
-0.10636
0.020688
0.38379
0.081545
-0.066135
-0.010517
0.13152
0.028993
-0.002834
-0.0015015
0.074194
0.022536
0.10052
-0.022595
0.19523
0.070374
-0.043709
-0.01476
0.20613
0.060237
-0.047319
-0.0051846
0.089953
0.023085
