-0.0034363
-0.003717
0.087549
0.1322
-0.0065281
-0.027326
0.13387
0.21023
0.011934
-0.003663
0.13637
0.20083
-0.005271
-0.014444
0.081964
0.1266
0.0026072
-0.0050077
0.12422
0.19728
-0.002529
0.013923
0.19061
0.31412
-0.0071368
-0.014708
0.18393
0.29653
0.0074583
-0.0030822
0.12601
0.1834
-0.0025394
-0.021653
0.12622
0.20222
-0.002634
-0.018473
0.17316
0.26132
0.0004184
-0.027809
0.15893
0.27408
0.012803
0.0054388
0.11931
0.20358
0.0012652
-0.022183
0.070886
0.13137
0.0080924
0.00047702
0.12286
0.20226
-0.0045299
-0.019702
0.12779
0.19515
0.0032658
-0.015801
0.077584
0.12558
