-0.048832
0.033213
0.078876
0.047392
0.043513
-0.019263
0.21632
0.10204
0.012957
-0.0040922
0.27362
0.095132
0.081276
-0.015895
0.12091
0.044346
-0.03357
-0.0079565
0.11808
0.068516
-0.060265
0.012225
0.24023
0.12397
-0.002976
-0.0045352
0.4117
0.14368
0.12159
-0.060516
0.2221
0.092552
-0.023206
-0.0087481
0.10543
0.058327
-0.11692
0.031431
0.21342
0.094978
0.039191
-0.019232
0.37643
0.15295
0.068616
-0.025974
0.25301
0.11733
-0.054638
0.027476
0.097858
0.05244
-0.05026
0.023329
0.10928
0.054768
0.030088
-0.011532
0.16636
0.083536
0.037077
-0.0015832
0.20712
0.096195
