-0.0031458
-0.013276
0.14757
0.018268
0.21258
-0.02972
0.31203
0.036217
0.057499
-0.0064345
0.094141
0.020669
-0.0069606
-0.003847
0.023349
0.013941
0.0046113
0.014763
0.18619
0.065328
0.31422
0.026615
0.4598
0.088724
0.096533
-0.0062496
0.15047
0.025065
-0.010681
-0.0038629
0.029556
0.020329
0.01297
0.0077619
0.1643
0.048263
0.29759
0.021246
0.4172
0.078283
0.074941
-0.0095296
0.14206
0.033213
-0.0090251
-0.015773
0.03072
0.02571
0.0028665
0.009805
0.094664
0.021566
0.17728
0.016134
0.21684
0.038276
0.042824
-0.0032063
0.07711
0.026564
-0.012697
0.0014828
0.031768
0.022593
