0.0066346
-0.0032453
0.011417
0.0066535
-0.049108
-0.0038522
0.0671
0.010259
-0.26079
-0.011281
0.26335
0.018096
-0.016951
0.0043368
0.078934
0.045036
0.0086684
-0.0019205
0.022506
0.011502
-0.078592
-0.0047516
0.11138
0.017522
-0.38148
0.0071799
0.40763
0.054478
-0.027003
0.025488
0.12485
0.099097
0.0073756
-0.0036072
0.034449
0.018303
-0.08449
-0.0050261
0.11865
0.024666
-0.36443
-0.01821
0.38363
0.062115
-0.040836
-0.025582
0.10492
0.12286
0.0017003
0.0011633
0.011678
0.0093646
-0.05519
-0.0021674
0.077201
0.013139
-0.24434
-0.0074199
0.25384
0.035081
-0.012259
-0.0029866
0.10432
0.057622
