-0.012404
-0.0078711
0.03136
0.057059
0.020342
-0.031097
0.051384
0.12149
-0.00094528
-0.047321
0.055649
0.17408
0.015939
-0.025306
0.052823
0.1495
0.0064707
0.042034
0.046738
0.24908
-0.017947
0.15305
0.091702
0.35832
-0.046247
0.20296
0.088227
0.29824
-0.012177
0.099366
0.05604
0.17435
0.013369
-0.03568
0.035854
0.17526
0.028539
-0.088316
0.09129
0.35132
0.026839
-0.10492
0.094586
0.42016
0.0014328
-0.050956
0.061531
0.28881
-0.0077162
0.032058
0.021373
0.090318
-0.0032524
-0.00065437
0.025096
0.10651
0.0051042
-0.013373
0.022963
0.10183
-0.0077184
-0.036283
0.023472
0.0966
