-0.0052221
-0.018754
0.091124
0.082232
0.19827
0.025
0.24471
0.095121
0.05264
0.032254
0.060171
0.056519
0.0017987
0.014584
0.018302
0.02757
0.03093
-0.020052
0.045861
0.034948
0.33827
-0.028138
0.41431
0.069584
0.095916
0.020619
0.11583
0.058301
-0.015788
0.003276
0.032403
0.054626
0.024847
-0.021518
0.050565
0.077663
0.36999
-0.041004
0.41098
0.083883
0.11499
-0.009173
0.15342
0.12529
-0.0065836
0.0063127
0.041749
0.062247
0.018061
0.0056731
0.028329
0.054782
0.22886
0.010724
0.24682
0.085231
0.075372
0.009656
0.10933
0.09159
-0.00062159
-0.0010165
0.023756
0.051672
