-0.020132
0.029229
0.060497
0.14062
0.0081538
0.00010773
0.096439
0.17593
-0.013764
0.0033839
0.097562
0.19672
0.00061814
-0.018756
0.059914
0.12908
-0.067766
-0.019822
0.1189
0.16943
0.041923
0.057023
0.17272
0.28472
-0.053265
-0.0067771
0.16391
0.30834
-0.023303
-0.043664
0.072363
0.17321
-0.0015813
0.0085248
0.076044
0.16565
0.010361
0.057149
0.1626
0.29477
-0.050928
0.072101
0.19915
0.37578
-0.060968
0.077175
0.14463
0.17529
0.001925
0.008229
0.057961
0.17354
0.0025806
0.012666
0.094246
0.19073
-0.024344
0.032246
0.091715
0.16835
-0.052714
-0.0026324
0.083339
0.11249
