0.0079509
-0.0041564
0.021673
0.0052653
0.17922
-0.0069751
0.20493
0.03036
0.018723
-0.017589
0.048441
0.02557
0.0029703
-0.0043799
0.0038284
0.0052777
0.012208
-0.0025661
0.018325
0.0039688
0.33976
0.017246
0.40472
0.059263
0.010168
0.056662
0.30449
0.132
0.022454
0.023841
0.030333
0.037352
0.0067115
0.00094222
0.013565
0.0033672
0.37774
-0.025327
0.3972
0.053411
0.037466
0.035853
0.28068
0.094313
-0.0080076
0.014226
0.037021
0.022298
0.0061609
0.00062875
0.014965
0.0060507
0.22582
0.038368
0.23319
0.079894
0.020971
0.0080004
0.077895
0.049686
-0.016512
-0.0047417
0.019613
0.016381
