0.0083273
0.062703
0.063191
0.15052
0.013186
0.061027
0.10336
0.34513
-0.028126
0.067682
0.088352
0.36448
0.0053264
0.038846
0.05719
0.13718
-0.0012259
0.0053181
0.075249
0.11746
-0.008009
0.0025792
0.11979
0.23399
-0.0012228
-0.021032
0.13081
0.26943
0.0056958
0.016592
0.10535
0.195
0.024029
-0.012121
0.065014
0.16744
-0.0085851
0.003484
0.11066
0.34177
-0.0036133
0.046171
0.12943
0.34449
0.021628
0.010693
0.11258
0.21201
0.0028641
0.010071
0.031415
0.063184
-0.0023341
-0.033536
0.050543
0.10889
0.02462
-0.047988
0.064564
0.16165
0.011296
-0.033694
0.049517
0.14936
