0.003732
0.017076
0.034637
0.077543
0.016675
-0.0031982
0.061883
0.11829
-0.016865
0.021371
0.035693
0.080483
-0.23191
0.022811
0.2334
0.033595
0.018378
-0.025453
0.055823
0.11585
0.013563
0.0010338
0.10278
0.1943
-0.024189
0.03525
0.071602
0.15415
-0.36776
0.0056618
0.37207
0.038395
-0.024842
0.031643
0.043713
0.087288
0.017533
-0.042829
0.0678
0.11612
0.036556
-0.067561
0.07308
0.13183
-0.3769
-0.0037758
0.39531
0.068115
-0.0052295
0.0063502
0.021235
0.028949
-0.026338
0.042559
0.041648
0.070004
-0.011591
0.019982
0.03935
0.060574
-0.2226
-0.014534
0.23355
0.022563
