0.011052
-0.039458
0.057702
0.072649
0.015455
-0.083809
0.067617
0.20666
-0.009078
-0.091984
0.071723
0.21537
-0.0020404
-0.033459
0.10663
0.086538
0.005518
0.089216
0.12469
0.15117
0.0020043
0.13562
0.16459
0.264
-0.029364
0.10109
0.1857
0.21829
-0.0053439
0.049046
0.11639
0.14663
0.0045536
-0.086054
0.1711
0.15872
0.022297
-0.11736
0.30324
0.25269
0.0016283
-0.074008
0.34316
0.2876
-0.020948
-0.035369
0.23515
0.16721
-0.013594
-0.010361
0.029506
0.038446
0.0041121
-0.039093
0.027134
0.052724
0.030138
-0.0051441
0.065259
0.11817
0.012315
0.01511
0.051262
0.10052
