-0.015428
0.048594
0.064664
0.09723
0.018974
-0.0047657
0.056725
0.13679
0.0030733
-0.013041
0.076319
0.17789
-0.00013551
-0.0044808
0.057362
0.13239
-0.020307
0.079266
0.10672
0.18714
-0.027701
0.19389
0.10311
0.37944
-0.031091
0.2164
0.098203
0.42061
-0.017132
0.13616
0.071652
0.27725
0.013565
0.00099459
0.065802
0.1267
0.022389
0.012459
0.13166
0.19868
0.015941
0.033406
0.10201
0.28918
0.0020806
0.042653
0.09853
0.18739
0.0037881
-0.00011408
0.033732
0.089907
0.01729
0.00082215
0.065401
0.1717
0.011529
0.017877
0.064182
0.20073
0.010134
0.010533
0.046696
0.1052
