-0.041183
0.035222
0.043984
0.040434
0.0015632
0.0045529
0.015193
0.010319
0.0035032
0.00057707
0.0085008
0.0054346
0.00076778
-0.00010661
0.0033322
0.0041717
-0.053695
0.078183
0.080886
0.20547
-0.033698
0.16103
0.098144
0.3824
-0.020128
0.19312
0.054648
0.34908
0.031832
0.12227
0.054393
0.2174
-0.04118
-0.05989
0.10087
0.1661
-0.031361
-0.087721
0.19521
0.28494
0.02367
-0.084884
0.093
0.40336
0.016484
-0.038
0.12103
0.21329
-0.008807
-0.0080985
0.095325
0.081836
-0.023143
0.0096534
0.14466
0.13223
0.036841
0.025451
0.093805
0.16666
-0.0050546
-0.0079802
0.10121
0.087755
