0.0074237
-0.013077
0.0097977
0.014244
0.0085916
-0.011594
0.012795
0.013648
0.0081293
-0.010161
0.014821
0.016716
0.0043227
-0.0062644
0.0082132
0.011016
-0.00075375
0.020728
0.067551
0.26002
0.017133
-0.074973
0.086657
0.32524
0.046599
-0.1694
0.05835
0.18994
0.027126
-0.0815
0.029561
0.084503
-0.017063
0.10352
0.089639
0.16327
-0.029886
0.19751
0.17219
0.40557
-0.075472
0.25365
0.13226
0.45666
-0.032452
0.11244
0.082325
0.30076
-0.0015407
-0.0051285
0.023762
0.029626
0.013225
-0.02539
0.097299
0.0645
0.011174
-0.0078422
0.042383
0.083872
-0.0089357
0.031503
0.024155
0.0844
