0.0022393
0.0098948
0.043621
0.098324
-0.034936
0.0028178
0.078845
0.14789
-0.012631
-0.051147
0.077857
0.14743
-0.021981
-0.054507
0.052505
0.10747
0.0021864
-0.034147
0.072983
0.26717
-0.085133
-0.12046
0.14305
0.3274
-0.046047
-0.10948
0.1516
0.33025
-0.015409
-0.039775
0.11412
0.22226
-0.052068
0.0024413
0.10223
0.17012
-0.055897
0.039903
0.14639
0.31142
-0.025643
0.10781
0.12595
0.34328
0.0056952
0.044021
0.10159
0.25248
-0.0079408
-0.019879
0.054355
0.075338
-0.012238
0.013353
0.088192
0.1208
-0.01279
0.016267
0.090573
0.15965
0.0010194
0.015516
0.065164
0.12383
