0.22269
-0.0046859
0.22575
0.01752
0.075
-0.035092
0.094454
0.082401
0.0084204
-0.0411
0.028678
0.11583
0.0037187
-0.027343
0.014527
0.059337
0.33755
-0.0073739
0.34385
0.031704
0.12056
0.0059119
0.16037
0.14669
0.0020457
0.021732
0.041969
0.13488
-0.0017847
-0.0054949
0.024707
0.069262
0.34638
0.011007
0.35555
0.034466
0.10676
-0.0132
0.1735
0.18333
-0.0093706
-0.038457
0.043288
0.17589
0.0028447
-0.0027401
0.031052
0.11311
0.23073
0.0034397
0.23671
0.019941
0.065718
0.033996
0.10745
0.11595
0.0051167
0.033918
0.027932
0.12591
-0.0075631
0.013337
0.024911
0.07207
