0.032867
0.014615
0.040771
0.020014
-0.21716
-0.0068465
0.23795
0.026873
-0.061611
-0.030202
0.10932
0.12242
0.0085432
-0.027068
0.029493
0.13768
0.028777
0.0086495
0.046095
0.019026
-0.37046
-0.022445
0.39099
0.043416
-0.095937
-0.016023
0.1767
0.13211
0.019346
0.021459
0.062288
0.12502
0.0034397
0.00067599
0.02729
0.013038
-0.34782
-0.00043807
0.35399
0.055415
-0.089187
0.039036
0.18604
0.14694
0.0025106
-0.016388
0.075707
0.10886
-0.0079675
-0.0031711
0.0088634
0.0041878
-0.22937
-0.016229
0.23825
0.028747
-0.026888
-0.013349
0.10003
0.074004
-0.026449
-0.0063734
0.051092
0.03541
