0.0066923
0.014733
0.049218
0.097215
0.0073
-0.02473
0.05631
0.14993
0.006918
-0.0080362
0.066081
0.16274
-0.0071523
-0.023245
0.066554
0.13292
0.00047986
-0.00094077
0.061988
0.1596
0.0018988
0.051777
0.091945
0.30207
-0.032491
-0.00083116
0.14906
0.26446
-0.052498
0.0050825
0.1556
0.28639
-0.0016977
0.0077585
0.051733
0.20055
-0.035175
-0.02304
0.12233
0.38133
-0.033598
-0.01725
0.21677
0.41854
0.028834
0.0015455
0.098517
0.22029
0.0075636
-0.017471
0.037357
0.096597
-0.014643
0.0049352
0.049498
0.1452
-0.017953
0.042342
0.074486
0.1736
-0.0037128
-0.0032646
0.042249
0.10835
