-0.0012244
-0.032565
0.072388
0.12092
-0.023833
-0.032756
0.15539
0.14183
0.011806
-0.062079
0.12604
0.18864
0.0056475
-0.012932
0.079316
0.12718
0.010008
-0.031104
0.17026
0.17337
-0.00058723
0.039359
0.23816
0.25271
0.006454
0.080578
0.22762
0.26657
-0.0077685
-0.0048198
0.11161
0.16456
0.026077
0.010512
0.15093
0.19855
0.022057
0.0066257
0.20032
0.28406
0.018743
-0.02956
0.20515
0.28016
-0.030377
0.002915
0.1396
0.20311
0.023695
0.0028082
0.079515
0.11178
-0.029252
-0.0050682
0.12729
0.15995
0.026132
-0.0060969
0.13444
0.17922
-0.0198
0.012362
0.093883
0.11677
