0.0092533
-0.0060387
0.0523
0.10175
0.0018309
-0.025076
0.098236
0.19484
0.0044992
-0.047576
0.15466
0.17575
0.012466
-0.040253
0.089982
0.13381
-0.0056921
0.084009
0.060921
0.19446
-0.0085236
0.050101
0.1116
0.2847
-0.00017618
-0.019145
0.11078
0.27132
-0.0033982
-0.018942
0.080174
0.13891
-0.0037081
0.065472
0.064959
0.19324
-0.012801
0.15894
0.091335
0.3781
-0.03141
0.2082
0.13031
0.39576
-0.0057896
0.14302
0.10069
0.20848
0.0095475
0.00075958
0.052979
0.079316
0.010506
0.005328
0.061793
0.16465
0.015989
0.0047354
0.083694
0.14546
0.000665
0.0025766
0.060475
0.09818
