0.013147
0.034671
0.069003
0.060189
0.03526
0.010927
0.13293
0.20489
0.0050601
-0.00044534
0.10852
0.22584
0.006225
-0.015746
0.077821
0.10596
0.014594
-0.03143
0.22182
0.1878
0.0364
-0.048139
0.25575
0.35908
0.012925
-0.025062
0.31732
0.31268
-0.025132
-0.016434
0.20827
0.14673
0.0052814
-0.028272
0.063913
0.14085
0.032945
-0.028538
0.086861
0.2758
-0.0062262
-0.034086
0.10764
0.24307
0.012163
0.0067999
0.12098
0.15962
-0.032437
0.066731
0.05527
0.10409
-0.0031398
0.016015
0.093039
0.12291
0.0092165
0.027692
0.065327
0.13363
0.0077808
-0.0094799
0.051335
0.092225
