0.0028993
-0.011005
0.0648
0.12568
0.0038067
0.0023225
0.090323
0.19602
0.1212
0.028906
0.21335
0.11409
0.07526
0.042349
0.095492
0.04534
0.036056
0.012345
0.078475
0.15279
0.039183
0.015754
0.13173
0.25769
0.23349
0.047769
0.39092
0.13731
0.088099
0.015102
0.11836
0.018405
0.024063
-0.010783
0.051187
0.13448
0.041144
-0.035727
0.14606
0.18141
0.27851
0.025149
0.40999
0.072459
0.062076
0.0070679
0.085354
0.016392
-0.020311
0.024588
0.053991
0.073281
0.052813
0.028763
0.1018
0.1319
0.17702
0.031311
0.22962
0.06395
0.025472
0.0029852
0.033964
0.0063827
