0.018405
0.0175
0.036053
0.050225
-0.010523
-0.006742
0.0576
0.079745
-0.010875
0.0061522
0.072488
0.11708
-9.4562e-05
0.0067885
0.039301
0.055404
-0.033917
-0.076543
0.064469
0.10582
0.049565
-0.060879
0.14693
0.17906
0.028027
0.024666
0.083942
0.12869
-0.016816
0.0062849
0.03819
0.052866
0.0046444
-0.11143
0.11014
0.27132
0.040348
-0.19531
0.17255
0.42243
0.069227
-0.24632
0.10366
0.331
-0.013479
-0.14352
0.042324
0.18634
0.0057701
-0.11449
0.019152
0.15292
-0.0056277
-0.18492
0.024182
0.22627
0.014696
-0.20863
0.020607
0.22443
-0.0014436
-0.14378
0.0056033
0.15095
