-0.0056909
-0.019783
0.035855
0.037116
-0.0052153
-0.014767
0.0341
0.04769
0.0030503
-0.0079816
0.033896
0.046554
-0.013825
0.009984
0.062728
0.02687
0.043616
-0.21225
0.14386
0.24579
0.07125
-0.18521
0.20062
0.24962
0.041033
-0.083234
0.08523
0.14053
-0.0083924
-0.045405
0.088789
0.10609
0.029261
-0.095611
0.054784
0.10715
0.08255
-0.26905
0.11306
0.28206
0.14222
-0.35073
0.18165
0.38454
-0.0088042
-0.19702
0.13423
0.23144
-0.0031522
-0.021352
0.0061049
0.044539
-0.0042364
-0.031161
0.0077619
0.061096
0.010291
-0.06101
0.017058
0.071454
0.0066419
-0.070659
0.019681
0.074024
