0.02561
0.029953
0.054487
0.14457
0.022332
0.055404
0.11509
0.18127
-0.0094211
0.026662
0.077793
0.14716
-0.0034059
-0.012139
0.039486
0.065295
0.024591
-0.016865
0.056191
0.27198
0.061842
-0.067646
0.12275
0.3415
0.010701
-0.060264
0.11205
0.32934
-0.019418
0.00084919
0.071136
0.22043
0.045437
0.053815
0.083705
0.28272
-0.012349
0.087354
0.16429
0.30146
-0.028862
0.070264
0.093698
0.30895
-0.011103
-0.0019301
0.047352
0.25642
0.025557
-0.00232
0.044137
0.11167
0.0053259
-0.021553
0.11672
0.11497
-0.0080353
-0.026592
0.079418
0.17309
-0.0096357
-0.0079377
0.040206
0.12896
