-0.0028896
0.23487
0.022113
0.23598
0.01609
0.35934
0.044082
0.3844
-0.005008
0.37155
0.027761
0.39337
-0.002408
0.23908
0.014912
0.24999
-0.0013286
0.048427
0.069303
0.12074
0.029621
0.099461
0.097844
0.1657
-0.011518
0.076781
0.077302
0.15609
0.0044025
0.041846
0.053012
0.12578
0.0059371
-0.012064
0.061729
0.059229
0.032829
-0.023194
0.081403
0.10018
-0.014268
-0.0072321
0.079315
0.093482
0.025229
0.013655
0.049105
0.057391
0.0015869
-0.0024141
0.054691
0.03673
0.00096641
-0.015398
0.053022
0.073964
0.012572
-0.021562
0.041284
0.060161
0.012564
-0.0051203
0.043245
0.036634
