-0.0042873
0.013761
0.075424
0.18586
0.028187
0.0077354
0.08915
0.23475
-0.028961
0.011836
0.16471
0.15827
-0.0149
0.0041132
0.068973
0.075482
0.013944
0.018636
0.11537
0.26223
0.021555
0.019621
0.15586
0.39637
-0.00016268
0.0094346
0.21303
0.30505
-0.041908
0.037886
0.15967
0.18622
0.035989
-0.0073493
0.14584
0.12581
-0.0043246
-0.0052885
0.1488
0.23393
-0.032073
-0.061968
0.20585
0.24153
-0.0072349
-0.032249
0.11717
0.17853
0.0099844
-0.019779
0.075605
0.071574
-0.012142
-0.010532
0.11787
0.096614
-0.03752
-0.0082503
0.15484
0.13264
0.007375
-0.030275
0.092461
0.10012
