-0.0017599
-0.0006595
0.011008
0.013669
0.010525
-0.0048625
0.023959
0.020841
0.03658
-0.0077316
0.050262
0.03652
-0.011154
-0.015553
0.039504
0.042779
-0.011651
0.12581
0.049825
0.21574
-0.038847
0.10756
0.070176
0.13948
0.035204
0.0074062
0.082446
0.036802
-0.022129
-0.0079056
0.054398
0.03319
-0.002094
0.059268
0.12067
0.2842
-0.043286
0.10002
0.20695
0.44607
0.015105
0.12554
0.10425
0.44537
-0.0032535
0.07944
0.077657
0.32959
0.0026334
-0.064832
0.066272
0.12142
-0.011757
-0.067673
0.15201
0.16406
-0.0068858
-0.033692
0.1048
0.23648
0.022485
0.00091677
0.074301
0.14865
