0.0022994
-0.0028513
0.016349
0.07501
0.011264
-0.00047464
0.026834
0.1115
0.24197
0.0058216
0.25467
0.056367
0.0063108
0.0049105
0.018917
0.016574
0.0049337
-0.0054723
0.030453
0.13906
0.027676
-0.013664
0.063329
0.21175
0.38188
0.022041
0.39627
0.096751
0.011703
0.0070294
0.023049
0.022042
0.0098116
0.0118
0.026641
0.12801
0.05481
0.022109
0.076841
0.15401
0.37103
0.027928
0.38624
0.078404
-0.0066295
0.0013123
0.021483
0.020576
0.0020806
0.00097435
0.0063845
0.022801
0.04532
-0.0028482
0.05334
0.018583
0.23804
0.0028403
0.24589
0.027453
-0.0096271
0.0029726
0.01685
0.014888
