0.02826
0.0078371
0.064515
0.1148
-0.0077794
0.028644
0.11619
0.21718
-0.024936
0.030662
0.1093
0.24095
0.0065289
0.019802
0.033237
0.20906
0.014233
-0.013797
0.078248
0.15676
-0.012211
-0.078435
0.10044
0.27748
-0.002305
-0.055363
0.16661
0.25782
0.0075834
-0.031046
0.062007
0.21427
0.0038201
-0.020119
0.16611
0.18231
0.0097639
-0.025868
0.25794
0.31621
0.019678
0.017969
0.27295
0.29825
-0.03026
0.016202
0.14259
0.20252
-0.017685
-0.0078777
0.039662
0.071648
0.030797
-0.030473
0.074773
0.096756
0.042797
-0.026808
0.091597
0.16589
-0.00014482
-0.0074564
0.061798
0.097068
