0.0017927
0.034283
0.0070922
0.04177
-0.0094616
0.028416
0.013246
0.03936
0.0021378
0.00049013
0.0056811
0.0060608
0.014099
0.001643
0.017291
0.0086512
0.010366
0.056046
0.062955
0.23994
-0.045865
0.11939
0.13973
0.39704
-0.07065
0.18423
0.11619
0.27276
0.0057584
0.1023
0.033749
0.11112
0.017509
0.017164
0.12081
0.19363
-0.018552
0.023101
0.21853
0.29732
0.0014834
-0.02566
0.29452
0.31377
0.010706
0.0026858
0.062197
0.24825
0.015663
-0.029988
0.067127
0.12095
-0.027468
-0.039834
0.14419
0.18645
-0.021642
-0.0123
0.19468
0.11321
-0.0024909
-0.0038162
0.06715
0.097007
