0.43765	0.8365	0.59718	1.3418	0.80003	2.0756	1.2182	2.7057	0.39595	0.60847	0.5363	1.0653	0.66453	1.6251	0.94539	2.2801	0.37044	0.45332	0.47512	0.72282	0.53234	1.0538	0.70388	1.5453	0.39697	0.50878	0.48936	0.77803	0.53574	1.1135	0.68706	1.5349	0.40012	0.58603	0.52041	0.92968	0.56387	1.2164	0.694	1.5674	0.4171	0.70029	0.56631	1.2014	0.67843	1.7591	0.929	2.1997
0.4282	0.85413	0.61927	1.5765	0.76468	2.3896	0.95899	3.0399	0.39408	0.67183	0.5532	1.2174	0.63426	1.8173	0.7339	2.2	0.40046	0.67916	0.55827	1.2225	0.644	1.8614	0.72454	2.2086	0.45866	0.95875	0.66015	1.77	0.83125	2.7527	1.0232	3.4243	0.4271	0.80314	0.62137	1.455	0.78838	2.3049	1.0166	3.1855	0.41504	0.78456	0.6019	1.3643	0.75108	2.1759	0.96959	3.1015
0.28027	0.52556	0.45413	0.82599	0.69239	1.3985	0.9715	2.0965	0.25716	0.37738	0.42207	0.59837	0.59563	0.98381	0.73606	1.3898	0.277	0.48476	0.45386	0.78381	0.64069	1.2442	0.76093	1.6436	0.33102	0.77804	0.53323	1.247	0.79695	1.9285	1.0261	2.5661	0.28995	0.54624	0.49178	0.93531	0.73839	1.5568	0.97943	2.4184	0.26716	0.43155	0.45666	0.76693	0.69324	1.358	0.9616	2.2319
0.39798	1.142	0.70768	2.0546	1.1205	3.387	1.5977	4.3191	0.28013	0.53186	0.46847	0.86008	0.6749	1.2979	0.8841	1.6076	0.27064	0.52982	0.44883	0.90131	0.61671	1.3098	0.72768	1.6018	0.31947	0.85168	0.52365	1.4561	0.74993	2.0914	0.9252	2.5765	0.29014	0.63375	0.4964	1.14	0.70531	1.656	0.84912	1.9934	0.35384	0.92961	0.64542	1.7411	0.99029	2.9058	1.3077	3.644
0.29638	0.70867	0.5643	1.3989	0.91958	2.2122	1.279	2.8162	0.27682	0.57105	0.51252	1.0876	0.77792	1.5922	0.99073	1.8848	0.37509	1.0082	0.68191	1.785	1.0021	2.303	1.2544	2.5568	0.53237	1.7567	0.94984	3.003	1.3942	3.7264	1.7729	4.1504	0.38762	1.0554	0.70813	1.8722	1.049	2.3949	1.3006	2.6994	0.28631	0.61782	0.54872	1.2307	0.86615	1.8682	1.1415	2.3053
0.21793	0.51771	0.38657	0.94309	0.63878	1.5941	0.96415	2.2742	0.19622	0.36051	0.35074	0.67948	0.55617	1.126	0.7865	1.591	0.19156	0.3226	0.32833	0.51768	0.49532	0.79404	0.66189	1.2116	0.22051	0.54802	0.36834	0.87005	0.56109	1.2557	0.7675	1.8695	0.20268	0.41455	0.3571	0.72059	0.54502	1.1147	0.7394	1.7069	0.19779	0.36549	0.35536	0.67297	0.56281	1.1245	0.80249	1.7575
0.24916	0.33177	0.37019	0.43298	0.4971	0.62798	0.64203	1.1138	0.23387	0.23365	0.36487	0.32205	0.46385	0.44678	0.52125	0.74453	0.24247	0.26997	0.38217	0.40284	0.49094	0.55246	0.5478	0.82901	0.26971	0.38615	0.40718	0.56021	0.54671	0.758	0.66269	1.1248	0.24166	0.26238	0.37994	0.39008	0.49367	0.54584	0.56127	0.83324	0.23404	0.23156	0.36724	0.32118	0.48389	0.47974	0.58749	0.86949
0.22252	0.37763	0.36552	0.57941	0.57246	1.1062	0.78406	1.566	0.20079	0.23988	0.3364	0.35546	0.49121	0.59345	0.61612	0.87564	0.20281	0.23608	0.33437	0.34279	0.46543	0.48029	0.54087	0.60582	0.23105	0.37102	0.37543	0.56166	0.54972	0.78672	0.68704	1.0188	0.2152	0.29632	0.37314	0.51991	0.54338	0.75995	0.67177	0.9821	0.20704	0.27361	0.35566	0.45484	0.52837	0.79739	0.67471	1.0612
0.3517	0.64647	0.46939	0.90623	0.50413	1.1861	0.56991	1.5082	0.33341	0.4322	0.44083	0.62288	0.44722	0.77386	0.4647	0.97686	0.3433	0.40809	0.44121	0.56288	0.42864	0.61316	0.42024	0.71779	0.37647	0.47597	0.47587	0.64343	0.46684	0.69844	0.47072	0.8163	0.34809	0.41809	0.45474	0.59131	0.4508	0.65221	0.44884	0.70828	0.33555	0.43808	0.4497	0.6528	0.46689	0.84305	0.49622	0.98556
0.73764	1.782	1.2196	3.4219	1.6726	5.1753	2.1219	6.8295	0.61629	1.2463	1.0264	2.4647	1.2622	3.4226	1.4265	4.099	0.60008	1.2424	0.97063	2.4211	1.0737	3.0667	1.0956	3.1982	0.67772	1.624	1.0664	3.112	1.2998	4.2289	1.4291	4.5708	0.6216	1.293	1.0097	2.5291	1.1326	3.2744	1.1748	3.4368	0.61709	1.2302	1.0189	2.4341	1.2409	3.3205	1.4052	3.9102
0.61589	1.1314	0.81078	1.6786	0.91028	2.2787	1.193	3.3165	0.65736	1.3393	0.7903	1.6109	0.80171	1.9363	0.99827	2.7703	0.86542	1.8053	0.98359	2.0117	0.92885	2.2334	1.1118	3.0743	0.80989	1.6123	1.0321	2.2754	1.1124	2.9546	1.3836	4.1105	0.72275	1.4406	0.8886	1.803	0.92168	2.1574	1.1024	2.906	0.71282	1.3743	0.86646	1.7309	0.87629	2.0874	1.0756	2.9293
0.67379	1.261	0.95397	1.9284	1.0474	2.2766	1.1345	2.5415	0.65641	1.1725	0.89737	1.7108	0.95635	1.9411	0.99799	2.0599	0.63574	1.0997	0.88095	1.6291	0.9303	1.8293	0.95445	1.8726	0.66044	1.1728	0.9425	1.9098	1.032	2.2961	1.0972	2.4219	0.63568	1.0674	0.86704	1.5613	0.88652	1.6856	0.87865	1.6217	0.67989	1.234	0.88544	1.6207	0.90962	1.7316	0.92892	1.7792
0.4757	0.81444	0.75576	1.9327	1.0117	3.0935	1.1219	3.1678	0.43925	0.64156	0.67056	1.4107	0.84009	2.2717	0.9053	2.4252	0.45897	0.71566	0.68533	1.4623	0.85459	2.2612	0.9606	2.4515	0.52156	0.97854	0.78918	1.9971	1.0337	3.0614	1.2327	3.272	0.45721	0.71941	0.67222	1.4593	0.84077	2.3084	0.94496	2.4518	0.43926	0.64412	0.66652	1.4457	0.85367	2.3513	0.95271	2.4969
0.64807	1.0573	0.92474	1.7047	1.1297	2.3029	1.4115	2.9786	0.6289	0.98337	0.89741	1.5749	1.0495	2.0905	1.26	2.6504	0.67584	1.0849	0.97564	1.7542	1.1499	2.3261	1.3909	2.9289	0.72551	1.1781	1.0595	1.9768	1.3216	2.7473	1.659	3.5125	0.66421	1.0647	0.97778	1.8055	1.1842	2.4969	1.4507	3.124	0.63514	1.0069	0.92462	1.6647	1.1044	2.2505	1.3499	2.8202
0.53414	0.81307	0.81602	1.6065	1.1867	3.3042	1.3735	3.4475	0.47648	0.61621	0.7071	1.1669	0.94093	2.1293	1.1142	2.4978	0.46407	0.59032	0.67161	1.0548	0.85105	1.7078	1.0507	2.2507	0.50727	0.76544	0.73307	1.287	0.98089	2.0571	1.2811	2.7858	0.46984	0.58298	0.6671	0.98212	0.8268	1.5629	0.9872	2.0439	0.48583	0.62482	0.71742	1.1755	0.95295	2.251	1.0688	2.4217
0.43373	0.47066	0.5575	0.74024	0.56549	0.99695	0.67391	1.5121	0.40804	0.39509	0.5261	0.62398	0.5213	0.85361	0.59607	1.2897	0.41881	0.44819	0.53218	0.68937	0.52653	0.87837	0.58114	1.2046	0.46775	0.6374	0.59665	0.97053	0.63279	1.2897	0.76692	1.9167	0.43315	0.47409	0.55846	0.73596	0.56917	1.001	0.64609	1.5075	0.42336	0.42615	0.54474	0.64172	0.5358	0.80195	0.58302	1.1101
0.61013	0.97046	1.0262	2.1677	1.3714	3.1957	1.5755	3.5262	0.55594	0.74229	0.91621	1.5913	1.0652	2.1022	1.1214	2.0872	0.60217	0.81984	0.96242	1.6271	1.0523	2.0394	1.0711	2.0024	0.71566	1.1963	1.1284	2.3545	1.3886	3.2096	1.524	3.2895	0.64555	0.94508	1.0604	1.9395	1.2086	2.4943	1.2279	2.3897	0.59197	0.81721	0.99612	1.7427	1.1848	2.3854	1.2458	2.5209
0.41081	0.60995	0.56096	1.0271	0.69912	1.5525	1.0132	2.1528	0.38449	0.47531	0.52199	0.8112	0.62114	1.1769	0.86179	1.6402	0.37175	0.39325	0.47565	0.60332	0.51728	0.83487	0.67557	1.191	0.39843	0.48205	0.48989	0.7103	0.53889	1.0268	0.73075	1.6226	0.38296	0.46291	0.48915	0.74326	0.52028	0.9059	0.67906	1.309	0.38834	0.49774	0.51213	0.81029	0.56939	1.0261	0.74993	1.3607
0.55156	0.76457	0.74426	1.2011	0.85699	1.7201	1.0379	1.9999	0.58909	0.91966	0.83177	1.5537	0.98642	2.1892	1.1834	2.469	0.56421	0.84527	0.76935	1.3925	0.87908	1.9788	0.99346	2.2308	0.53331	0.72536	0.67912	1.0979	0.74163	1.5006	0.82876	1.6541	0.55123	0.84379	0.74607	1.3988	0.87473	2.0557	1.0211	2.3745	0.55105	0.80078	0.75511	1.3156	0.88943	1.9896	1.0256	2.3003
0.56965	0.87801	0.77949	1.4103	0.87462	1.8589	1.0107	2.4774	0.58578	0.93411	0.81949	1.517	0.9033	1.8967	0.98525	2.2713	0.66736	1.1863	0.97807	2.0364	1.1383	2.6373	1.2879	3.1033	0.60954	0.90107	0.82713	1.4434	0.92687	1.8636	1.0335	2.222	0.58187	0.91154	0.81768	1.5193	0.97289	2.362	1.1346	3.1723	0.61336	1.1412	0.90348	2.0182	1.1401	3.2151	1.4399	4.5016
0.44552	0.98678	0.67269	1.9386	0.84036	2.7023	1.1131	3.6401	0.41321	0.85558	0.6169	1.6042	0.74898	2.2101	0.93333	2.9099	0.47827	0.99065	0.7755	1.9616	0.99862	2.7523	1.1831	3.2768	0.56104	1.3532	0.92498	2.6757	1.2213	3.6851	1.463	4.2644	0.40059	0.69012	0.60475	1.3897	0.75534	2.1054	0.90887	2.6495	0.38295	0.69498	0.56267	1.4263	0.68899	2.1611	0.86956	2.9329
0.70754	1.7953	1.0966	3.1516	1.3823	4.404	1.6042	4.8328	0.6211	1.3598	0.9229	2.3414	1.0722	2.8774	1.1713	3.064	0.68115	1.6444	1.0122	2.699	1.1565	3.0112	1.2726	3.2264	0.8293	2.2782	1.2439	3.6232	1.4545	4.0439	1.6616	4.5227	0.68207	1.6146	1.039	2.6504	1.2145	3.0137	1.347	3.2463	0.6454	1.5017	1.0093	2.597	1.2407	3.2668	1.4272	3.6736
0.47303	0.67264	0.67998	1.2127	0.86362	1.9211	1.1152	2.6844	0.40955	0.45472	0.57552	0.82523	0.69918	1.3008	0.8971	1.9306	0.41859	0.47319	0.61176	0.94999	0.78332	1.5798	1.0222	2.2673	0.47013	0.5996	0.67696	1.1581	0.86939	1.8874	1.1281	2.552	0.45115	0.56659	0.63465	0.99333	0.7493	1.4886	0.89456	1.9113	0.47038	0.66261	0.68379	1.2	0.84308	1.8534	1.0351	2.4124
0.61106	1.2074	0.884	2.1177	1.0589	3.3661	1.2262	3.9761	0.54523	0.94821	0.75182	1.4958	0.84138	2.0876	0.94242	2.5717	0.5689	1.0055	0.80489	1.6602	0.89373	2.2591	1.0018	2.8088	0.63074	1.2668	0.92023	2.2261	1.0898	3.1352	1.2869	3.8517	0.58609	1.0028	0.81637	1.6097	0.92603	2.1758	1.0455	2.6338	0.60583	1.131	0.85762	1.8614	0.96519	2.7855	1.0851	3.3139
0.58634	1.2428	0.75738	1.7647	0.95995	2.6214	1.2984	3.5891	0.48943	0.92072	0.67966	1.5038	0.85318	2.2245	1.1299	3.1189	0.48122	0.85297	0.65761	1.3425	0.7828	1.8806	0.99566	2.717	0.52729	0.98065	0.75066	1.757	0.95901	2.6697	1.3132	3.9483	0.49246	0.9212	0.72067	1.6821	0.91722	2.5235	1.2473	3.7129	0.52505	1.034	0.6957	1.4889	0.84699	2.1382	1.1009	2.9631
