0.0041494	0.0013831	0.0013831	0.0013831	0	0	0	0	0	0	0	0.0069156	0.0055325	0.0013831	0	0.0055325	0	0	0	0	0	0.0013831	0	0.0055325	0.0027663	0	0.0041494	0	0	0.0013831	0	0	0	0	0	0.0013831	0	0	0.0013831	0.0041494	0.0041494	0.0027663	0	0	0	0	0	0	0	0	0	0	0	0	0	0	0	0	0	0.0013831	0.0013831	0.0041494	0	0.0013831	0	0	0	0.013831	0	0	0	0	0	0.0013831	0	0	0	0	0.0096819	0.0027663	0	0	0	0	0	0.0013831	0.0013831	0	0	0.0027663	0	0	0	0	0	0	0	0	0	0
0.0027778	0	0	0	0.0055556	0	0	0	0	0	0	0.0027778	0.0027778	0	0	0	0	0	0	0	0.0055556	0	0	0	0	0	0	0	0	0	0	0	0.0027778	0	0	0	0	0	0	0	0	0	0	0	0	0	0	0	0	0	0	0	0	0	0	0	0.0027778	0	0.0055556	0	0	0	0	0	0	0	0	0.011111	0	0	0	0	0	0	0	0	0	0	0.0027778	0	0	0	0	0	0	0	0	0	0	0	0	0	0	0	0	0	0	0	0	0
0.061336	0.014239	0.0021906	0.010953	0.0032859	0.0098576	0.0054765	0.0087623	0.0054765	0.0098576	0.0010953	0.0054765	0.010953	0.007667	0.0032859	0	0	0.0043812	0.0032859	0	0	0.0032859	0.0043812	0.029573	0.0043812	0.0043812	0	0	0.0043812	0.0043812	0.0032859	0.0054765	0.0010953	0.0010953	0	0	0.0054765	0.0021906	0	0	0.0010953	0.0010953	0.0021906	0	0.0021906	0.019715	0	0	0.0021906	0.0054765	0.007667	0.0032859	0.0021906	0.0010953	0	0	0.0065717	0	0.0010953	0.0021906	0.0010953	0	0.0043812	0.0054765	0.0010953	0.0021906	0.0032859	0.014239	0.0032859	0.0010953	0	0.0010953	0	0.0010953	0	0	0	0	0.014239	0	0.0010953	0.0054765	0	0.0010953	0.0010953	0	0.0021906	0	0.0010953	0.007667	0.0021906	0.0021906	0.0043812	0.0032859	0.0021906	0.0010953	0.0054765	0.0021906	0	0
0.14559	0.01594	0.0010627	0.023379	0.0031881	0.0074389	0.018066	0.0063762	0.0010627	0.0074389	0	0.0074389	0.056323	0.0053135	0.0085016	0.0021254	0	0.0095643	0.0042508	0	0	0.0031881	0.0063762	0.017003	0	0.0010627	0	0	0.0095643	0.0010627	0.0042508	0.0010627	0.0074389	0.0010627	0.0021254	0.0021254	0.0021254	0.0042508	0	0.0010627	0.020191	0.0031881	0.0021254	0.0021254	0	0.042508	0	0	0.0031881	0.0031881	0.0021254	0.0021254	0.0010627	0.0053135	0	0	0.0074389	0	0.0010627	0.0021254	0.0042508	0	0.0021254	0.0021254	0.0010627	0.0053135	0.0042508	0.018066	0.0010627	0.0010627	0.0095643	0.0031881	0	0.0021254	0	0	0	0	0.0074389	0	0.0021254	0.010627	0.0010627	0.0021254	0	0	0.0010627	0	0.0010627	0.029756	0.0031881	0.0042508	0.0010627	0.0042508	0.0053135	0.0021254	0.0085016	0.0010627	0.0031881	0.0063762
0.044543	0.0066815	0.0055679	0.0077951	0	0.0066815	0.010022	0.0066815	0.0033408	0.0055679	0.0022272	0.0022272	0.013363	0.0044543	0.0044543	0	0.0089087	0.0044543	0.0011136	0	0	0	0.0033408	0.02784	0.0066815	0.0011136	0	0.0022272	0.0011136	0.0055679	0.0022272	0.0011136	0	0	0	0	0.0044543	0.0011136	0	0	0	0.0011136	0.0011136	0.0011136	0.0044543	0.017817	0	0.0011136	0	0.0011136	0.0022272	0.0011136	0.0022272	0	0.0011136	0	0.01559	0	0.0033408	0.0011136	0.0011136	0	0	0	0.0022272	0.0022272	0.0033408	0.0055679	0.0011136	0.0011136	0	0.0033408	0.0011136	0.0011136	0	0	0	0	0.012249	0	0.0011136	0	0.0022272	0.0011136	0.0022272	0	0.0011136	0	0	0.0077951	0.0011136	0	0.0022272	0	0.0022272	0.0011136	0	0	0.0011136	0.0055679
0.055007	0.0056417	0	0.0056417	0	0.0056417	0.0042313	0.0084626	0.0042313	0.0056417	0	0.0056417	0.014104	0.0070522	0	0	0	0	0.0028209	0	0	0.0098731	0.0014104	0.021157	0.0098731	0.0070522	0	0	0	0.0014104	0.0028209	0.0028209	0.0028209	0	0	0	0.0042313	0.0028209	0	0.0028209	0.0014104	0	0	0.0042313	0.0042313	0.016925	0	0	0.0028209	0.0028209	0	0.0014104	0.0028209	0.0014104	0	0	0.0028209	0	0	0	0	0.0028209	0.0028209	0	0.0028209	0.0014104	0.0014104	0.015515	0	0.0014104	0	0.0014104	0	0.0014104	0	0	0	0	0.015515	0	0.0042313	0	0.0014104	0.0014104	0.0042313	0	0.0014104	0	0.0028209	0.0070522	0	0.0014104	0	0	0	0.0014104	0	0.0014104	0	0
0.042808	0.0034247	0.0017123	0.0017123	0	0.010274	0.0034247	0.0068493	0.0034247	0	0	0	0.015411	0	0.010274	0	0	0.0017123	0.0068493	0.02226	0	0	0.005137	0.02226	0	0.0034247	0	0	0	0.0034247	0	0.0034247	0	0	0	0	0	0	0	0	0	0.0034247	0.0034247	0.0017123	0	0.0085616	0	0	0	0	0	0	0.0017123	0.0017123	0	0	0.0085616	0	0	0.0017123	0	0	0.0017123	0	0.0017123	0	0	0.0034247	0	0	0.0034247	0	0	0	0	0	0	0	0.0085616	0	0	0	0	0	0	0	0	0	0	0.013699	0	0	0.0034247	0	0	0	0	0.0017123	0	0
0.10081	0.0081112	0	0.015064	0	0.011587	0.0057937	0.0081112	0.0023175	0.0057937	0	0.0011587	0.022016	0.0011587	0.0023175	0	0	0.0011587	0.0069525	0	0	0	0.004635	0.024334	0.0011587	0.004635	0	0	0.0034762	0	0.0034762	0.0034762	0.0011587	0.0023175	0	0	0.0011587	0.004635	0	0	0.0034762	0.0011587	0.0034762	0.0011587	0.0034762	0.016222	0	0	0.0034762	0.0023175	0	0.0011587	0.004635	0.0023175	0	0	0.0034762	0	0	0.0011587	0.0011587	0	0.0023175	0.0011587	0.0011587	0.0023175	0	0.016222	0.0011587	0.0034762	0.0034762	0.0011587	0	0.0034762	0	0	0	0.0011587	0.016222	0	0	0.0011587	0.0034762	0.0023175	0.0011587	0	0	0	0.0011587	0.022016	0	0	0	0.0011587	0.0011587	0.0023175	0	0.0011587	0	0
0.0091743	0	0	0	0	0	0	0	0	0	0	0	0	0	0	0	0	0	0	0	0	0	0	0	0	0	0	0	0	0	0	0	0	0.0045872	0	0	0	0	0	0	0	0	0	0	0	0	0	0	0	0	0	0	0	0	0	0	0	0	0	0	0	0	0	0	0	0	0	0	0	0	0	0	0	0.0045872	0.0045872	0	0	0	0	0	0	0	0	0.0045872	0	0	0	0	0	0	0	0	0	0	0	0	0	0	0	0
0.018433	0	0	0.0046083	0	0	0	0	0.023041	0	0.0092166	0	0	0.0046083	0	0	0.0092166	0	0	0	0	0	0	0	0	0	0	0.016129	0	0	0	0	0	0	0	0	0	0	0	0.0023041	0.0023041	0	0	0	0	0.0069124	0	0	0	0	0	0.0046083	0	0	0.0092166	0	0.025346	0	0	0	0	0.0046083	0	0	0	0	0	0	0	0	0.0023041	0	0	0	0	0	0	0	0	0	0	0	0	0	0	0	0	0	0	0	0.0023041	0	0	0	0	0	0	0	0	0
0.010221	0	0	0.0017036	0.010221	0	0	0	0.0017036	0	0.0034072	0	0	0	0	0.0017036	0.0017036	0	0	0	0.0051107	0	0	0	0	0	0.0017036	0.0017036	0	0	0	0	0	0	0	0	0	0	0.0085179	0	0	0	0	0	0	0	0	0.0017036	0	0	0	0	0	0	0.0017036	0	0.0051107	0	0.0017036	0	0	0	0	0	0	0	0	0	0	0	0	0	0	0	0	0	0	0	0	0	0	0	0	0	0	0	0	0.0051107	0	0	0	0	0	0	0	0	0	0	0	0
0	0	0	0	0.0018149	0	0	0	0	0	0	0	0	0	0	0.0018149	0	0	0	0	0	0	0	0	0	0	0.0018149	0	0	0	0	0	0	0	0.021779	0.0054446	0	0	0.0018149	0.0054446	0	0	0	0	0	0	0.0018149	0	0	0	0	0	0	0	0	0	0	0	0	0	0	0.0018149	0	0	0	0	0	0	0	0	0	0	0.0018149	0	0	0	0	0	0	0.0036298	0	0	0	0	0	0.012704	0	0	0	0	0	0	0	0.0018149	0	0	0	0	0	0
0	0	0	0	0	0	0	0	0	0	0	0	0	0	0	0	0	0	0	0	0	0	0	0	0	0	0	0	0	0	0	0	0	0	0.15812	0	0	0	0	0	0	0	0	0	0	0	0.032051	0	0	0	0	0	0	0	0	0.021368	0.0021368	0.017094	0	0	0	0	0	0	0	0	0	0	0	0	0	0	0.0021368	0	0	0.014957	0.012821	0	0	0	0	0	0	0	0	0	0	0	0	0	0	0	0	0	0	0	0	0	0.0021368	0
0	0	0	0	0	0	0	0	0.0035398	0	0.0088496	0	0	0	0	0	0.0017699	0	0	0	0.0035398	0	0	0	0	0	0	0.0035398	0	0	0	0	0	0	0	0	0	0	0	0	0	0	0	0	0	0	0	0	0	0	0	0	0	0	0	0	0.015929	0	0	0	0	0	0	0	0	0	0	0	0	0	0	0	0.0035398	0	0	0	0	0	0	0	0	0	0	0	0	0	0.0017699	0	0	0	0	0	0	0	0	0	0	0	0.0053097	0
0	0	0	0	0.0095541	0	0	0	0	0	0.0031847	0	0	0	0	0.0063694	0.0015924	0	0	0	0.0015924	0	0	0	0	0	0	0.0031847	0	0	0	0	0	0	0.079618	0.0047771	0	0	0	0	0	0	0	0	0	0	0.012739	0	0	0	0	0	0	0	0.0079618	0.012739	0.0063694	0.0063694	0	0	0	0	0	0	0	0	0	0	0	0	0	0	0	0	0.0015924	0.0015924	0.0095541	0	0	0	0	0	0	0	0	0	0	0	0	0	0	0	0	0	0	0	0	0	0	0
0	0	0	0	0.0025253	0	0	0	0	0	0	0	0	0	0	0	0	0	0	0.0050505	0	0	0	0	0	0	0.012626	0	0	0	0.0025253	0	0	0.0025253	0	0	0	0	0.0025253	0	0	0	0	0	0	0	0	0	0	0	0	0	0	0	0	0	0.0025253	0	0	0	0	0.0025253	0	0	0	0	0	0	0	0	0	0	0	0	0.0075758	0	0	0	0	0	0	0	0	0	0	0.0025253	0	0	0	0	0	0	0	0	0	0	0	0	0	0
0.0029762	0	0	0	0.0074405	0	0	0	0.0059524	0	0.011905	0	0	0	0	0.0014881	0.0029762	0	0	0	0	0	0	0	0	0	0.0089286	0.0089286	0	0	0	0	0	0.0074405	0	0	0	0	0.0029762	0	0	0	0	0	0	0.0014881	0	0.0014881	0	0	0	0	0	0	0.0014881	0	0.011905	0	0	0	0	0	0	0	0	0	0	0	0	0	0	0	0.0014881	0	0.0014881	0	0	0.0074405	0	0	0	0	0	0	0	0	0	0	0	0	0	0	0	0	0	0	0	0	0	0
0	0	0	0	0	0	0	0	0	0	0	0	0	0	0	0.0086705	0.0028902	0	0	0	0.0028902	0.0014451	0	0	0	0	0	0	0	0	0	0	0	0.0014451	0	0.0014451	0	0	0	0.0028902	0	0	0	0.0014451	0	0.0014451	0	0.0014451	0	0	0.0028902	0	0	0	0	0	0.0014451	0	0	0	0	0.0014451	0	0	0	0	0	0	0	0.0014451	0	0	0	0	0.0014451	0	0	0.0043353	0	0.0057803	0	0	0	0	0	0	0	0	0	0	0	0	0	0	0	0	0	0	0	0
0.0014409	0	0	0	0	0	0	0	0.0014409	0	0.0014409	0	0	0	0	0	0	0	0	0	0	0	0	0	0	0	0	0	0.0014409	0	0	0.0014409	0.0043228	0	0	0.0014409	0	0	0	0	0	0	0	0	0	0	0	0	0	0	0	0	0	0	0	0	0.0043228	0	0	0	0	0	0	0	0	0	0	0	0.0028818	0	0	0	0	0	0	0	0	0	0	0	0	0	0	0	0	0.0014409	0	0	0	0	0	0	0	0	0	0	0	0	0	0
0	0	0	0	0	0	0	0	0.0021978	0	0.0021978	0	0	0	0	0	0	0	0	0	0	0	0	0	0	0	0	0	0	0	0	0	0	0.0065934	0	0	0	0	0	0	0	0	0	0	0	0.0021978	0	0	0	0	0	0	0	0	0	0	0	0	0	0	0	0	0	0	0	0	0	0	0	0	0	0	0.0021978	0	0	0	0	0	0	0	0	0	0	0	0	0	0	0	0	0	0	0	0	0	0	0	0	0	0	0
0.0023585	0	0	0	0	0	0	0	0	0	0	0	0	0	0	0	0	0	0	0.0070755	0	0	0	0	0	0	0	0.0023585	0	0	0	0	0	0	0	0.0023585	0	0	0.0023585	0	0	0	0	0.0023585	0	0.0023585	0	0	0	0	0	0	0	0	0	0	0	0	0	0	0	0	0	0	0	0	0	0	0	0	0	0	0	0	0	0	0.0023585	0	0	0	0	0	0	0	0	0	0	0	0	0	0	0	0	0	0	0	0	0	0	0
0	0	0	0	0.0023529	0	0	0	0	0	0.011765	0	0	0	0	0.0023529	0	0	0	0	0.0047059	0	0	0	0	0	0	0	0	0	0	0	0	0	0	0	0	0	0	0	0	0	0	0	0	0	0	0.0023529	0	0	0.0023529	0	0	0	0	0	0	0	0	0	0	0	0	0	0	0	0	0	0	0	0	0	0.0023529	0	0.0023529	0	0	0	0	0	0	0	0	0	0	0	0	0	0	0	0	0	0	0	0	0	0	0	0	0
0	0	0	0	0	0	0	0	0	0	0.0040241	0	0	0	0	0.0020121	0	0	0	0	0.0020121	0	0	0	0	0	0	0	0	0	0	0	0	0	0	0	0	0	0	0	0	0	0	0	0	0	0	0.0040241	0	0	0	0	0	0	0	0	0	0	0	0	0	0	0	0	0	0	0	0	0	0	0	0	0	0	0	0	0	0	0	0	0	0	0	0	0	0	0	0	0.0020121	0	0	0	0	0	0	0	0	0	0	0
0.0022936	0	0	0.0022936	0.018349	0	0	0	0.0022936	0	0.0022936	0	0	0.0022936	0	0.011468	0	0	0	0	0.0068807	0.0068807	0	0	0	0	0	0	0	0	0	0	0	0	0	0	0	0	0	0	0	0	0	0	0	0.0022936	0	0	0	0	0	0	0	0	0	0	0.0022936	0	0	0	0	0	0	0	0	0	0	0	0	0	0	0	0	0	0	0	0	0	0.0022936	0	0	0	0	0	0	0	0	0.0045872	0	0.0022936	0	0	0	0	0	0	0	0	0	0
0.0082816	0	0	0	0.0082816	0	0	0	0.0020704	0	0	0.0020704	0.0020704	0	0	0	0.0082816	0	0	0	0.0020704	0	0	0	0.0020704	0	0	0	0	0	0	0	0	0	0	0	0	0	0	0	0	0	0	0	0	0.0041408	0	0.0062112	0	0	0.0020704	0	0	0	0	0	0.012422	0	0.0041408	0	0	0	0	0	0	0	0	0.0041408	0	0	0.0020704	0.0020704	0	0	0	0	0	0.0062112	0	0	0	0	0	0	0	0.0062112	0	0.0062112	0	0.0020704	0	0	0	0	0	0	0	0	0	0
