-0.0024116
-0.0013684
0.048248
0.072867
0.013801
0.00076639
0.06772
0.11089
0.010124
0.03021
0.11592
0.11923
0.0015856
0.025947
0.038889
0.046479
-0.020696
0.007029
0.14145
0.15176
0.017513
-0.0028015
0.20995
0.2581
0.012845
-0.008804
0.20907
0.2573
-0.0029523
0.0090174
0.13499
0.075857
-0.014948
0.011091
0.17065
0.20739
-0.013418
0.012404
0.34711
0.25554
0.014655
-0.012233
0.29286
0.33287
-0.010912
0.00059813
0.18619
0.11798
0.0082029
-0.003239
0.083399
0.091245
-0.013025
0.022077
0.19003
0.15117
0.0029439
-0.010856
0.1361
0.19101
-0.0019465
0.00038775
0.1074
0.087345
