-0.015679
0.020624
0.11635
0.073032
-0.0038337
0.0015259
0.20979
0.13269
0.023149
-0.030552
0.21419
0.13225
-0.0041689
0.0043089
0.12499
0.066914
0.0011008
-0.025002
0.16924
0.12068
-0.033226
0.037763
0.30301
0.22228
0.0043216
0.023734
0.26211
0.17577
0.00788
-0.0072777
0.20112
0.1131
-0.010649
-0.0084867
0.15395
0.124
0.050295
-0.015568
0.28522
0.1863
-0.029418
0.034364
0.29219
0.17469
0.0027819
0.030214
0.21122
0.11291
-0.010782
0.016263
0.11407
0.089502
-0.0059149
0.023611
0.1907
0.13032
0.0087681
-0.035134
0.17991
0.14716
0.0049722
0.00011244
0.14082
0.088746
