0.020543
0.026334
0.10099
0.16146
-0.019698
0.015352
0.20606
0.20971
0.00089198
-0.0063439
0.17562
0.20226
-0.0049879
0.0049933
0.093162
0.087854
-0.0206
-0.014871
0.12755
0.18877
-0.0051226
-0.019669
0.1665
0.29824
-0.020591
0.0038593
0.16788
0.31909
0.017674
0.0017794
0.1056
0.14765
0.028521
-0.051252
0.15215
0.16511
-0.0048036
-0.0054754
0.23033
0.29529
-0.039678
-0.024698
0.17246
0.28049
0.03875
0.013219
0.095246
0.10594
0.020551
0.028339
0.065314
0.097167
0.02322
0.019431
0.12794
0.19288
-0.0058263
0.020358
0.14879
0.16232
0.020014
0.0069209
0.073322
0.055355
