-0.012159
0.003693
0.029735
0.1607
-0.009165
0.0093843
0.090279
0.24963
0.024874
-0.0070082
0.079744
0.18132
-0.00035499
-0.015161
0.03634
0.12255
0.0060788
-0.019762
0.065564
0.27257
-0.029547
-0.014439
0.14744
0.44007
0.029756
-0.022659
0.15097
0.32803
-0.0020302
0.015616
0.050002
0.19976
0.016254
0.040077
0.068249
0.1853
-0.054334
0.07365
0.14466
0.30343
0.02293
0.072321
0.12274
0.31652
0.017846
0.01909
0.047971
0.19211
0.0021139
-0.0060925
0.037178
0.080772
-0.0076177
-0.011134
0.060548
0.11405
-0.024193
-0.013954
0.060863
0.11661
0.0024396
-0.023792
0.030039
0.092656
