0.006878
-0.0052614
0.14802
0.030057
-0.0059577
-0.0081463
0.22307
0.053636
0.0063602
-0.015962
0.20679
0.045978
-0.0054005
-0.0070271
0.10523
0.022108
0.016788
-0.02234
0.23407
0.077315
-0.0093582
-0.028319
0.40067
0.094027
0.016674
-0.016938
0.41801
0.074111
-0.012418
-0.0044583
0.27087
0.060593
0.0040359
0.0097732
0.14522
0.10338
0.0068049
-0.029759
0.30274
0.14426
0.014772
-0.023027
0.30264
0.10988
-0.011345
-0.022773
0.2281
0.061194
-0.010559
0.0074254
0.098097
0.02687
-0.014161
0.023172
0.13583
0.070423
-0.01674
-0.016283
0.12756
0.082811
-0.00079954
-0.0065254
0.10751
0.041085
