-0.00023787
0.020715
0.024745
0.038101
0.027685
0.042922
0.084088
0.10534
-0.016115
0.0013759
0.14544
0.1264
0.032054
0.01595
0.12019
0.095068
-0.0037126
0.028614
0.088886
0.072415
-0.042748
-0.010547
0.20803
0.22919
0.047276
0.044998
0.24565
0.24878
0.021894
0.035578
0.19624
0.19403
-0.010026
-0.011901
0.11438
0.11485
0.0098428
-0.021898
0.20098
0.19461
0.049118
0.04488
0.30576
0.33852
0.0075928
0.009929
0.18714
0.2687
0.00032365
-0.0015454
0.08864
0.095142
-0.020009
0.028325
0.19267
0.15126
0.015013
-0.062537
0.19924
0.13989
0.009357
-0.0072939
0.10481
0.1434
