0.013456
-0.0014159
0.11006
0.10475
-0.013216
-0.0072094
0.20131
0.20552
-0.028682
-0.0069631
0.18443
0.14604
-0.030069
-0.0057823
0.055903
0.054677
-0.022699
-0.033665
0.19117
0.23297
0.018388
-0.027321
0.26849
0.3333
-0.073906
-0.0015033
0.22169
0.24228
-0.035054
-0.012458
0.08605
0.099143
-0.011239
-0.021926
0.15621
0.19574
0.01934
-0.055766
0.2336
0.32446
-0.067184
-0.055288
0.15518
0.28687
-0.026143
-0.027813
0.07945
0.10325
0.0039351
-0.017243
0.069606
0.067459
-0.0020867
-0.022272
0.089576
0.1311
-0.023155
-0.017394
0.071132
0.12838
-0.022566
-0.0060876
0.041564
0.052119
