0.029435
-0.017912
0.098956
0.047738
0.1987
0.013257
0.30124
0.093883
0.005886
-0.010292
0.028871
0.035265
-0.0022912
-0.011414
0.014889
0.02829
0.046904
-0.013557
0.10567
0.018558
0.34339
-0.035618
0.40491
0.098557
0.018384
0.013683
0.057594
0.10934
-0.0060498
0.023807
0.028815
0.070893
0.031655
-0.015947
0.07844
0.018603
0.37808
-0.017885
0.44105
0.044114
0.038828
0.0050918
0.089532
0.081354
0.0040811
0.0065967
0.02704
0.067444
0.016631
-0.007792
0.036029
0.0099737
0.25624
-0.0042753
0.26765
0.024836
0.010676
-0.013732
0.04633
0.044835
0.0027343
-0.02283
0.015275
0.035544
