-0.0019592
0.0025323
0.0026879
0.0029462
-0.0091117
0.0035696
0.0091711
0.0047688
-0.0093436
0.0026759
0.0093436
0.0036376
-0.0063479
0.0013638
0.0063479
0.0023121
0.019142
0.17141
0.022671
0.18269
0.014674
0.30766
0.027482
0.33685
-0.0043255
0.32373
0.025093
0.35911
-0.010282
0.21688
0.01998
0.24018
0.007133
-0.090945
0.019721
0.18739
0.0061719
-0.1725
0.01716
0.32072
-0.002403
-0.17969
0.021008
0.31708
-0.00073022
-0.11817
0.012619
0.21259
0.0042978
0.025825
0.013317
0.054532
-0.017865
0.024391
0.018974
0.074683
-0.016126
-0.013752
0.027394
0.066098
-0.0056946
-0.012608
0.019465
0.030439
