0.012844
0.0043301
0.055675
0.21373
0.011878
0.0021643
0.10964
0.24794
-0.11015
-0.015283
0.16843
0.10489
0.0046467
0.014316
0.05548
0.04248
0.011278
0.0011099
0.095601
0.25669
0.01902
0.019152
0.23294
0.31384
-0.11332
-0.0059214
0.33127
0.113
-0.0062981
-4.9332e-05
0.099751
0.049236
0.022638
0.0074703
0.10997
0.26728
-0.0098991
-0.016693
0.19011
0.34714
-0.091853
-0.032601
0.27924
0.095879
-0.0086982
-0.0096675
0.096715
0.04155
-0.0024265
0.0091582
0.055154
0.11049
-0.036428
0.01829
0.16716
0.14574
-0.064896
-0.01499
0.13713
0.035664
0.016631
-0.0055032
0.050229
0.03918
