-0.0095314
-0.017288
0.062849
0.16622
-0.022847
-0.033048
0.071728
0.22324
2.815e-05
-0.053447
0.05555
0.23148
0.032523
-0.017065
0.045158
0.11588
0.020808
0.0088403
0.064987
0.16514
0.035728
0.10801
0.10137
0.36931
-0.061904
0.14384
0.13149
0.37656
0.0099682
-0.0015006
0.084837
0.20138
-8.5182e-05
0.022795
0.082568
0.19576
0.036604
0.000477
0.092446
0.27255
0.0096145
-0.014937
0.11648
0.32444
-0.046941
0.054744
0.098784
0.19438
0.019614
-0.026742
0.054292
0.16532
0.0023704
0.0029213
0.084065
0.18996
-0.0048669
0.015154
0.053246
0.15546
0.0071647
0.0042255
0.041246
0.082036
