-0.020772
0.0059193
0.04748
0.093636
0.049071
0.027435
0.07468
0.19068
0.024342
0.030815
0.052444
0.24878
-0.027458
0.011002
0.044583
0.14416
0.021032
0.021356
0.09354
0.18265
-0.0067815
-0.062556
0.17529
0.32894
-0.016588
-0.14529
0.18848
0.39316
-0.0076245
-0.081156
0.089324
0.24782
-0.036189
0.0063166
0.08683
0.19267
-0.027534
0.0016147
0.17362
0.26187
-0.028977
0.05557
0.15822
0.29209
-0.016236
0.0058257
0.083805
0.20091
-0.036248
-0.015828
0.051138
0.083173
0.019935
-0.01834
0.056169
0.10374
-3.0187e-05
-0.039969
0.058489
0.14163
-0.063812
-0.045506
0.081321
0.095541
