-0.01338
0.011959
0.020945
0.12483
-0.0062854
0.075989
0.037654
0.23321
0.0025802
0.091894
0.04573
0.25263
0.0057956
0.041688
0.030272
0.18537
-0.012064
-0.16866
0.019635
0.26232
-0.035924
-0.28613
0.046575
0.4538
-0.04875
-0.30754
0.057378
0.42097
-0.040251
-0.1933
0.042984
0.23969
-0.0051035
-0.069409
0.0096655
0.092288
-0.0090867
-0.077436
0.020033
0.11395
-0.0081496
-0.048207
0.017013
0.083943
-0.0036029
-0.014595
0.0084138
0.037808
2.972e-05
-0.0022971
0.0042484
0.0172
4.8894e-05
-0.0013627
0.0086489
0.021323
0.00060895
0.00027082
0.0090918
0.019593
-0.00075407
-0.00022084
0.0047874
0.0098643
