0.0043363
-0.0096221
0.0080251
0.031852
-0.0011952
-0.021003
0.011701
0.075856
-0.0016284
-0.017972
0.010824
0.054891
0.00054447
-0.01495
0.0073725
0.029892
0.0028438
-0.0060347
0.042481
0.30576
-0.0068467
0.067039
0.045455
0.41685
-0.0071976
0.092641
0.031835
0.36017
-0.0023342
0.067385
0.014481
0.21642
0.014251
-0.10258
0.03778
0.1715
0.032497
-0.21158
0.044505
0.33979
0.024627
-0.23033
0.034795
0.38644
0.012574
-0.15157
0.018043
0.28985
-0.0052188
-0.010502
0.015274
0.025698
0.003828
-0.0090557
0.0063273
0.02452
0.0052825
-0.013021
0.0085018
0.038298
0.0027431
-0.009028
0.0064237
0.032182
