0.017925
0.004663
0.062316
0.032702
0.011781
-0.013884
0.10771
0.072209
0.038148
-0.00067969
0.1559
0.12958
0.0010404
-0.010734
0.083833
0.052697
0.025267
0.039345
0.10358
0.10213
0.032715
0.05764
0.22337
0.22418
0.033102
0.077281
0.26904
0.19755
0.050757
0.066274
0.13529
0.10701
0.043874
0.030691
0.16567
0.14856
0.04212
0.076081
0.25587
0.24861
0.041762
0.052222
0.29285
0.26469
0.084011
0.087431
0.16751
0.1422
0.014471
0.024591
0.084076
0.099545
0.056738
0.035873
0.18163
0.18011
0.03706
0.075669
0.20309
0.19933
0.024864
0.02193
0.19231
0.13269
