0.0057761
-0.026048
0.029897
0.058763
0.028134
0.0061557
0.089635
0.090722
0.025036
0.0065164
0.05018
0.11062
0.013566
-0.0092139
0.023673
0.069956
0.045406
-0.041186
0.056853
0.19204
0.02671
0.0015352
0.056036
0.16848
-0.0064429
0.0085852
0.054194
0.13647
-0.018547
0.0020413
0.052612
0.13645
0.01137
-0.0042726
0.076448
0.291
0.01515
-0.049338
0.077381
0.5242
0.020691
-0.076615
0.087361
0.53203
-0.0022406
-0.071367
0.056898
0.30503
0.011179
-0.0016671
0.050323
0.047395
0.0087805
0.0068175
0.064424
0.1056
0.0014478
0.0090652
0.066667
0.16281
-0.00060529
0.015049
0.029522
0.11062
