0.0011647
0.027708
0.091279
0.05393
0.024699
0.060016
0.12038
0.093336
0.0067423
0.022231
0.11526
0.091842
-0.0019655
0.029744
0.084727
0.053666
-0.016186
0.054791
0.17062
0.091523
0.024762
0.032138
0.23836
0.18951
-0.013628
0.082356
0.25614
0.27031
0.022459
0.050026
0.14824
0.11874
-0.050638
0.072516
0.22683
0.11462
0.038954
0.089358
0.32461
0.18467
0.044848
0.099792
0.28403
0.17699
-0.015498
0.050651
0.17821
0.097501
-0.050317
0.015359
0.15982
0.088862
0.050884
0.02027
0.25361
0.19029
0.032208
0.065035
0.1721
0.14823
-0.010135
0.022459
0.1177
0.083912
