0.027646
0.02112
0.048295
0.033392
0.011016
-0.00035848
0.066746
0.051471
0.0090721
-0.020475
0.044736
0.05695
-0.0099215
0.0010828
0.041259
0.049098
0.035667
-0.12972
0.069615
0.19647
0.011365
-0.10638
0.093976
0.15426
0.0023969
-0.035479
0.067031
0.072362
-0.0058415
-0.031876
0.051921
0.044289
0.013744
-0.14019
0.046119
0.21727
0.047518
-0.31374
0.088899
0.398
0.046567
-0.38035
0.08778
0.43667
0.026312
-0.26004
0.058025
0.29113
-0.016806
0.015757
0.019276
0.041306
-0.024214
0.0097926
0.028682
0.058322
-0.013554
-0.0052074
0.0229
0.067058
-0.0078735
-0.023665
0.017463
0.065796
