-0.0010717
0.0054561
0.024555
0.031468
0.0086699
-0.0057409
0.038573
0.057784
-0.17051
0.006576
0.1913
0.056283
-0.15835
0.0013371
0.16055
0.0065719
0.00027397
0.0057308
0.053
0.057279
0.010598
0.012931
0.091444
0.11687
-0.25115
0.0013373
0.35534
0.1274
-0.25967
0.00088075
0.26432
0.021252
0.012287
-0.0027627
0.054184
0.059461
0.0017
0.012211
0.08814
0.091655
-0.25958
0.0035854
0.34608
0.10385
-0.2566
0.00048832
0.26612
0.017834
0.0077945
-0.0010872
0.033157
0.03362
0.006133
-0.0058199
0.044398
0.057531
-0.16615
-0.013185
0.21694
0.07366
-0.16391
-0.0028037
0.17058
0.012019
