-0.0022137
0.040595
0.038778
0.10838
0.01558
0.11686
0.052705
0.18416
0.027602
0.06749
0.053872
0.20164
-0.00043239
0.0073921
0.028882
0.11863
0.071858
-0.027393
0.099163
0.24463
-0.065671
-0.11527
0.11903
0.36718
-0.053761
-0.093168
0.10584
0.26781
-0.036984
-0.058704
0.095271
0.21325
-0.012702
-0.020285
0.056134
0.19445
0.0054418
-0.001712
0.099345
0.38432
0.041472
0.058293
0.096597
0.33389
-0.038868
0.097095
0.089081
0.21048
0.01763
-0.0041858
0.028598
0.089649
0.025222
-0.0023101
0.040911
0.17619
0.012427
-0.0098143
0.050752
0.16109
-0.0072765
-0.010186
0.047856
0.11229
