-0.0011926
0.028157
0.0072298
0.028447
0.0084969
0.008693
0.010961
0.010327
0.0049906
0.0024483
0.0057669
0.0041366
0.0093136
0.0036944
0.009421
0.0040808
-0.031482
0.039749
0.060311
0.2985
-0.042756
0.16749
0.067051
0.34821
-0.043356
0.13778
0.051196
0.15443
0.0083183
0.028781
0.0294
0.033739
0.013962
-0.15015
0.033074
0.20796
0.034476
-0.24303
0.077836
0.44716
0.021264
-0.20798
0.106
0.47624
0.0026357
-0.077235
0.075678
0.24236
0.00012484
-0.0018434
0.0040956
0.0074982
-0.0013677
0.026836
0.021793
0.042951
-0.0018478
-0.015089
0.02111
0.047828
0.010065
-0.036641
0.020488
0.055041
