0.0050397
-0.00041462
0.071324
0.089706
-0.0060505
0.0083391
0.13588
0.17474
0.001045
0.0026675
0.11812
0.17076
-0.0021268
-0.0045633
0.068719
0.096041
-0.0090891
-0.003514
0.12286
0.16779
0.019525
-0.046494
0.2288
0.25036
-0.0029084
0.017705
0.24401
0.21673
-0.0008906
0.028259
0.13058
0.15334
-0.016666
0.0084192
0.085658
0.25458
0.023026
0.029303
0.11692
0.3779
-0.0060921
-0.0012554
0.1458
0.33144
0.0087296
-0.0059535
0.079678
0.2223
0.0034654
-0.008967
0.17024
0.10335
-0.014489
-0.010511
0.23289
0.13532
0.022511
-0.017469
0.13853
0.12629
0.011411
0.022743
0.02697
0.064617
