0.00083733
-0.013987
0.10217
0.107
-0.0052372
-0.016194
0.19083
0.20601
0.039736
-0.0058679
0.18856
0.14859
-0.0024933
-0.013833
0.085269
0.045215
0.023242
0.035075
0.18656
0.19259
0.012102
0.064903
0.26541
0.28868
0.060155
0.038101
0.3093
0.1876
-0.0040748
0.0012873
0.14264
0.069178
0.01254
0.0071419
0.087772
0.25233
-0.013865
-0.0049803
0.15259
0.37181
0.074042
0.0098713
0.22212
0.19879
-0.010049
0.0086546
0.10968
0.083782
-0.0025292
0.015082
0.083558
0.086901
-0.011991
0.009946
0.12573
0.13006
0.005033
-0.0051181
0.14373
0.10413
-0.0041552
-0.010537
0.082638
0.062384
