0.0004702
0.021744
0.001415
0.022148
0.00076183
0.034327
0.0014924
0.03505
0.00046451
0.035326
0.0018461
0.036488
-0.00028551
0.02275
0.0012834
0.023892
8.0931e-05
0.076733
0.0046764
0.080343
-0.0030558
0.087214
0.0099566
0.096469
-0.0052073
0.033282
0.010064
0.046158
-0.0050722
-0.00044133
0.0081549
0.029686
-0.011788
0.084311
0.023097
0.3319
-0.018364
0.12093
0.049837
0.55642
-0.047935
0.14882
0.06777
0.4736
-0.034553
0.12055
0.057358
0.23114
-0.0020048
-0.081584
0.019924
0.17405
-0.012426
-0.12221
0.032475
0.2571
-0.000764
-0.11613
0.024319
0.18627
0.0048673
-0.06123
0.025086
0.12524
