0.035991
-0.0067175
0.043292
0.11522
0.00045823
-0.0026099
0.014275
0.13013
-0.014522
-0.01595
0.021618
0.21166
-0.011472
-0.015127
0.016804
0.1209
0.034962
-0.028574
0.059827
0.26097
0.0037932
-0.080895
0.039088
0.43573
-0.040929
-0.091244
0.050799
0.39903
0.0031236
-0.038559
0.043781
0.31179
0.0061729
0.042513
0.032762
0.14993
-0.018247
0.065623
0.034932
0.34534
-0.032125
0.050656
0.04183
0.33871
0.012665
0.023713
0.056945
0.16829
0.0077789
-0.020451
0.019596
0.092288
-0.012642
-0.045853
0.02508
0.15728
-0.0060909
-0.037076
0.018718
0.1208
0.0086309
-0.012636
0.034691
0.060017
