0.0031649
-0.0054744
0.092079
0.10884
0.021447
-0.017202
0.11963
0.17012
-0.012771
-0.0058454
0.15644
0.22965
0.046439
0.0032474
0.05548
0.053339
-0.0032335
-0.0017837
0.074565
0.14721
0.036936
0.0020908
0.21126
0.24896
0.014961
-0.00051714
0.26428
0.34809
0.068817
0.00283
0.074892
0.071142
-0.0052091
0.032306
0.13185
0.16433
0.021169
0.036233
0.25311
0.25059
0.030729
0.012745
0.2738
0.31465
0.060307
0.0057216
0.064068
0.053237
0.0061657
-0.00096561
0.10138
0.108
-0.016083
0.013045
0.14933
0.15952
0.023123
0.0092234
0.16192
0.21978
0.032673
0.0024583
0.034394
0.030606
