0.001628
0.0020935
0.014498
0.011995
-0.0023978
-0.0015597
0.036407
0.024414
0.029527
0.026555
0.13691
0.11134
0.011791
0.0086901
0.12876
0.11009
-0.0014784
0.036742
0.033586
0.053571
0.054739
0.075196
0.15874
0.13955
-0.04787
0.019206
0.26492
0.20536
0.082965
0.021315
0.21459
0.18394
0.0051774
0.03456
0.10938
0.1034
-0.037408
-0.013059
0.27342
0.27912
0.045056
0.053306
0.29573
0.28529
0.015151
0.033018
0.19941
0.21324
-0.0069696
0.0013619
0.083767
0.082267
0.0044329
0.0040828
0.17037
0.15409
0.030164
0.049746
0.20443
0.26824
0.013333
-0.0070037
0.13886
0.18306
