0.030319
-0.023141
0.059201
0.088816
0.0023073
-0.025662
0.064427
0.15205
0.013348
-0.025004
0.048024
0.16223
-0.013504
-0.017321
0.033729
0.12364
0.022081
-0.015375
0.058513
0.155
-0.012911
-0.074869
0.13414
0.29708
0.02853
-0.071377
0.13927
0.32641
0.012145
-0.014537
0.063049
0.1776
0.045827
0.015196
0.063849
0.14274
0.011776
0.057933
0.18152
0.3442
0.043905
0.13683
0.20739
0.44528
-0.038315
0.045305
0.077043
0.19806
0.009331
0.0056806
0.043188
0.14298
-0.015743
-0.01551
0.079115
0.1669
-0.0085427
-0.083665
0.062891
0.17939
0.0091904
-0.040266
0.038293
0.096112
