0.0025331
-0.031069
0.049274
0.097653
-0.0092119
-0.057248
0.072193
0.1739
-0.022912
-0.028076
0.057377
0.18283
-0.14582
-0.0086851
0.16834
0.083333
-0.016224
0.0042064
0.062779
0.12535
0.0019331
0.0066169
0.11466
0.25138
0.025467
0.0089807
0.12775
0.29386
-0.21753
0.0067841
0.28624
0.18847
-0.030058
-0.030918
0.086436
0.19227
-0.021166
-0.093902
0.10298
0.19615
0.03372
-0.10252
0.13557
0.25745
-0.20397
-0.029986
0.27946
0.15751
0.010426
0.0020907
0.067077
0.13498
-0.05492
0.022632
0.086963
0.13204
0.019331
-0.011153
0.08399
0.16084
-0.12493
-0.01401
0.16593
0.12072
