-0.0007714
-0.0012042
0.06462
0.14968
-0.0031679
0.0036374
0.072365
0.28004
-0.0134
-0.011826
0.082206
0.25833
-0.0027046
-0.01054
0.055154
0.14432
-0.0048206
0.02836
0.06046
0.30798
0.0021124
0.042485
0.081637
0.49444
-0.011276
0.065806
0.092406
0.47409
0.013882
0.049226
0.061165
0.25518
0.016538
-0.015768
0.020565
0.1891
0.011567
0.0055112
0.032232
0.23345
-7.8709e-05
0.018737
0.040138
0.16313
0.019387
0.0059327
0.039733
0.052254
0.010536
0.019276
0.011602
0.025354
0.0063261
0.021618
0.01172
0.028901
-0.001074
0.018388
0.014669
0.024718
-0.0055687
-0.0001779
0.023374
0.015777
