6.6025e-05
-0.0038255
0.13311
0.061794
0.020026
-8.6761e-05
0.20882
0.13268
0.0065371
0.00089211
0.18944
0.096274
0.017263
-0.005852
0.12336
0.046695
0.0012825
0.0038109
0.20682
0.11131
0.012314
0.012216
0.3197
0.17968
0.023761
0.011235
0.30898
0.12247
0.022102
0.011233
0.1751
0.13968
0.0044797
-0.020721
0.22354
0.07143
0.032962
-0.0092706
0.32906
0.15132
0.017775
0.0019509
0.31219
0.14607
0.017683
0.0093816
0.17492
0.1214
-0.0014322
0.0077123
0.13512
0.051068
0.032487
-0.0069443
0.22612
0.078904
0.011534
-0.007373
0.19
0.095036
0.012817
-0.010128
0.13316
0.081033
