-0.00038289
-0.0099339
0.031169
0.032866
-0.0057127
-0.0099407
0.066038
0.058031
0.010694
-0.0025352
0.052421
0.060249
-0.0056125
0.0076769
0.034788
0.037218
-0.017875
0.0036439
0.063587
0.066082
0.00089738
-0.015772
0.098922
0.11934
0.013927
-0.023508
0.093064
0.1123
-0.014866
-0.025586
0.047273
0.092073
-0.011499
0.0063878
0.058433
0.052242
-0.03682
0.014419
0.077275
0.095849
0.014285
-0.001628
0.097962
0.10189
-0.017712
0.0032114
0.052708
0.076165
-0.0014966
-0.25299
0.010909
0.26146
-0.0087786
-0.38363
0.019432
0.39746
0.0013963
-0.38102
0.022205
0.39443
-0.00319
-0.24075
0.016413
0.25393
