-0.0092712
0.0079511
0.036308
0.020039
0.22678
0.018076
0.26392
0.027193
0.11992
-0.0040586
0.12021
0.018043
0.0080291
-0.0078168
0.0081207
0.0086414
-0.015959
0.005821
0.049271
0.0254
0.36824
0.056403
0.41167
0.06893
0.14249
0.019333
0.14301
0.042335
0.010406
-0.00082968
0.010636
0.020375
-0.006954
0.012959
0.043823
0.019013
0.36846
0.0062571
0.42087
0.055975
0.11724
-0.0078339
0.11905
0.024867
0.0088129
-0.0077487
0.0092583
0.010326
-0.0044816
0.0036811
0.038578
0.013039
0.23131
0.024371
0.27139
0.030506
0.06434
0.0038172
0.066011
0.010727
0.0062126
-0.00033703
0.0074821
0.0047578
