0.021848
0.016004
0.069905
0.080486
-0.030448
-0.026594
0.1291
0.14632
0.09502
0.04776
0.14951
0.12368
-0.001963
0.030472
0.11904
0.11084
-0.031767
-0.011654
0.14321
0.14804
0.099926
0.024709
0.20727
0.17431
0.062909
0.046096
0.34946
0.29342
0.030732
-0.030614
0.16334
0.15705
-0.02825
0.0069103
0.092284
0.094365
0.085752
0.046739
0.20575
0.21162
0.074526
-0.072903
0.24715
0.27633
-0.0016838
-0.0045323
0.20474
0.18453
0.046204
0.0017543
0.092591
0.071413
-0.021626
0.045419
0.15079
0.15168
0.0010155
0.042514
0.10621
0.18237
0.02967
-0.0047873
0.10104
0.12667
