0.00022054
0.034895
0.037177
0.08207
0.0048206
0.021893
0.064088
0.14024
0.036997
0.01149
0.050475
0.14496
0.0090233
-0.0011753
0.028613
0.093778
0.05016
0.025022
0.091788
0.14776
0.027108
0.17444
0.11313
0.27249
0.020337
0.19896
0.096244
0.34032
-0.010635
0.084388
0.062254
0.18399
0.063904
0.062405
0.10382
0.17132
-0.00057485
0.01925
0.1176
0.27756
0.028154
-0.015025
0.095034
0.43268
0.0029683
0.011881
0.089481
0.27903
-0.0076433
0.015734
0.075224
0.1081
0.018823
-0.018908
0.10716
0.17912
0.020582
0.044433
0.063395
0.22452
0.015579
0.035411
0.03478
0.16092
