-0.00566
0.0099308
0.0070476
0.01032
-0.088134
0.011383
0.11504
0.061146
-0.0085467
0.0074968
0.24697
0.16694
0.0051483
-0.0075829
0.15382
0.10423
-0.0047734
0.014139
0.0079569
0.014541
-0.13587
-0.023758
0.20497
0.13387
-0.018292
0.0020413
0.39797
0.28737
0.016681
0.016378
0.20644
0.14942
-0.0013859
0.002081
0.0076296
0.010181
-0.14257
-0.0059763
0.27871
0.10714
0.035977
0.0097929
0.33026
0.22596
-0.011015
-0.0010546
0.20618
0.13257
0.00080389
-0.013416
0.0050084
0.013681
-0.0547
0.028393
0.11981
0.092677
-0.028648
-3.4967e-06
0.23932
0.14422
0.0021317
-0.010264
0.13372
0.097794
