-0.015734
0.016131
0.055891
0.11754
-0.0039709
-0.001682
0.07705
0.21357
-0.033915
0.006012
0.071064
0.19871
-0.0090033
0.025444
0.083609
0.093718
-0.02662
0.00769
0.24127
0.13651
0.0095675
0.025391
0.30056
0.2568
-0.041023
0.0030668
0.20218
0.34683
-0.0051913
-0.003956
0.15038
0.22437
-0.0028297
0.016776
0.16422
0.14935
-0.007369
-0.029362
0.26598
0.27771
-0.036356
-0.084624
0.19686
0.26683
-0.025091
-0.04376
0.12156
0.15671
-0.013395
-0.00253
0.036049
0.033338
-0.075549
-0.055846
0.09789
0.10068
-0.020787
-0.045591
0.032976
0.058684
-0.00025618
-0.020909
0.01683
0.026369
