-0.00079193
-0.0014381
0.0049955
0.004098
-0.085903
-5.8312e-05
0.089681
0.0091828
-0.14415
0.0066217
0.29848
0.060258
0.0082592
-0.0021499
0.06668
0.011091
-0.00076322
-0.0036374
0.0060839
0.0061282
-0.10688
-0.0014676
0.11322
0.016436
-0.25241
-0.0039453
0.47681
0.097126
0.027254
-0.0042701
0.12406
0.017226
-0.00066322
-0.0040928
0.0077166
0.006379
-0.076752
-0.0034786
0.085081
0.01618
-0.26815
0.022494
0.51706
0.088152
0.036113
0.0014817
0.14223
0.01728
-0.00066738
-0.0021082
0.0058283
0.0061996
-0.031715
-0.00088022
0.037995
0.0092792
-0.17156
0.01758
0.31255
0.05245
0.017117
0.0057047
0.092129
0.014317
