0.0020593
0.0018073
0.0037138
0.0070402
-0.00045507
0.0074665
0.0046144
0.014673
-0.0046552
0.004608
0.0057316
0.0091096
-8.767e-05
0.0024656
0.0026448
0.0071236
0.0096394
0.036262
0.010032
0.04324
-0.0034256
0.059692
0.010273
0.077561
-0.0091291
0.059704
0.011575
0.067669
0.0019702
0.033046
0.0058747
0.03943
-0.00037796
0.0053392
0.012713
0.37467
-0.011299
-0.0074273
0.01852
0.58839
-0.023977
-0.0049295
0.026056
0.5758
-0.020616
-0.00077871
0.022768
0.32121
-0.0013213
-0.059966
0.0033357
0.069407
-0.0025348
-0.086032
0.0044275
0.10413
-0.0014761
-0.07787
0.0056725
0.10843
-0.0034279
-0.042497
0.0049782
0.068305
