-0.01426
-0.017424
0.016591
0.019408
-0.016043
-0.014856
0.016392
0.017169
-0.0091402
-0.0050928
0.01033
0.010394
-0.0029553
-0.00011563
0.0058654
0.0053461
-0.032375
-0.082517
0.12696
0.12694
-0.011525
-0.14976
0.18227
0.21165
0.003225
-0.12384
0.15673
0.16816
-0.00050901
-0.076715
0.069416
0.10526
-0.029265
-0.0033748
0.22168
0.12596
-0.0024287
0.0089018
0.36497
0.26602
-0.024068
0.0066092
0.37302
0.27812
-0.020335
-0.010821
0.22069
0.16264
0.0018141
0.030156
0.12255
0.11439
0.022786
0.024045
0.20566
0.16408
-0.035434
0.016969
0.23534
0.14497
0.0049651
0.026252
0.1394
0.081202
