-0.0087378
0.01944
0.099654
0.11226
-0.0079763
0.015003
0.15974
0.15995
-0.040455
0.040594
0.20025
0.12002
0.037136
0.014831
0.13029
0.041002
-0.0014802
-0.01654
0.068524
0.2382
0.0050238
-0.045898
0.098165
0.37238
-0.0084768
-0.076199
0.11805
0.33525
0.0035423
-0.051639
0.076712
0.21723
0.0033698
-0.044077
0.13785
0.16491
0.0069492
-0.034641
0.20754
0.26967
-0.033109
-0.0079515
0.20105
0.24876
-0.027217
0.0106
0.11763
0.21346
-0.0068302
0.042036
0.034987
0.11363
-0.002416
0.046044
0.048686
0.18884
-0.0072337
0.041556
0.061088
0.18907
-0.026775
0.006394
0.051279
0.13348
