-0.00011544
0.0023078
0.00077771
0.0023078
-0.00033072
0.0036121
0.0012267
0.0036121
-0.00074867
0.0034201
0.0010398
0.0034201
-0.00055913
0.0020546
0.00070528
0.0020625
-0.0035587
0.10564
0.0047511
0.10564
-0.0074948
0.11408
0.010037
0.11408
-0.0046643
0.074925
0.01369
0.074925
-0.0061681
0.016677
0.0063006
0.016695
-0.0020309
0.19594
0.022571
0.35961
-0.050318
0.34482
0.060118
0.45308
-0.090088
0.3555
0.098961
0.3945
-0.06248
0.21651
0.062535
0.22014
0.0028533
-0.051695
0.050172
0.07163
0.021527
-0.012154
0.040641
0.070665
-0.023653
0.0281
0.024018
0.085184
-0.026106
0.024665
0.027399
0.094253
