0.034963
-0.0089153
0.048516
0.010269
0.1199
-0.020444
0.28396
0.029125
-0.01915
-0.0036984
0.19916
0.013574
-0.035707
-0.014208
0.045511
0.014351
0.014142
-0.0079985
0.020806
0.0094593
0.24599
-0.03315
0.44242
0.041804
-0.055753
-0.0025581
0.26842
0.026179
-0.081618
-0.020557
0.10604
0.074422
0.006077
-0.0018248
0.01267
0.0062604
0.28726
-0.030159
0.40896
0.035963
-0.049946
-0.015662
0.27388
0.028275
-0.069118
-0.0036556
0.088505
0.050802
0.0057246
-0.0013585
0.00943
0.0041557
0.19403
-0.0082308
0.24511
0.013791
-0.045168
-0.0075231
0.20593
0.029003
-0.04106
-0.0047436
0.051763
0.050546
