-0.0012718
0.002445
0.05625
0.0952
0.0027667
-0.0028027
0.10606
0.14563
-0.022639
0.029375
0.10893
0.1089
-0.0085973
0.01694
0.073197
0.10105
0.0060243
-0.022101
0.20847
0.17634
0.017327
0.00091404
0.37495
0.23625
-0.021259
0.0085696
0.37056
0.26233
0.011449
0.01564
0.22507
0.12848
-0.00032196
-0.0017132
0.098822
0.19202
0.017181
-0.010821
0.27359
0.22671
-0.016605
-0.0031965
0.26197
0.24811
-0.0082733
-0.0063905
0.14151
0.15703
0.00033583
-0.009169
0.031091
0.03321
0.0054179
-0.012647
0.045834
0.058041
-0.0021487
-0.012248
0.036398
0.053834
-0.023625
-0.023673
0.060638
0.05229
