-0.0064677
0.092234
0.0092274
0.095367
-0.010862
0.13447
0.012964
0.13757
-0.0089182
0.11352
0.010426
0.12817
-0.003028
0.059499
0.0091614
0.070063
-0.011913
-0.15078
0.023803
0.32747
-0.030369
-0.22477
0.041845
0.49782
-0.013221
-0.19151
0.045863
0.49818
0.023224
-0.089048
0.053391
0.29285
-0.01496
-0.071274
0.016755
0.082877
-0.008675
-0.1083
0.012446
0.12407
0.0053149
-0.10854
0.016621
0.13175
0.0088115
-0.086089
0.016717
0.10671
-0.030623
0.014692
0.03108
0.017923
-0.0035414
0.0026582
0.0046274
0.0069182
-0.0019051
0.0028819
0.0033734
0.0057114
0.0002197
0.0019344
0.0021007
0.0040055
