0.0034557
0.028694
0.070703
0.045011
-0.01539
0.043466
0.11617
0.072702
-0.0072592
0.032662
0.1317
0.08001
0.0027283
0.015976
0.085547
0.042624
0.015356
0.041876
0.17002
0.10017
-0.042289
0.054895
0.22535
0.14317
-0.00067008
0.074474
0.23003
0.1642
-0.03884
0.053681
0.16216
0.10413
0.007345
0.023334
0.1988
0.12407
-0.0082307
0.060873
0.34341
0.17242
-0.047828
0.021783
0.32043
0.2227
0.011804
0.0040462
0.20369
0.15849
0.010969
0.025209
0.12982
0.064644
-0.048932
0.011413
0.24892
0.12812
-0.036242
0.035818
0.26398
0.19743
0.038242
0.051517
0.16835
0.13359
