-0.021124
-0.020915
0.097732
0.10301
0.016757
-0.038437
0.25098
0.14018
-0.0062502
-0.057457
0.18195
0.18589
-0.0093458
-0.02444
0.14967
0.10533
0.0030733
-0.012396
0.13606
0.19403
0.010928
0.016129
0.1984
0.27937
-0.027592
-0.022216
0.20978
0.22988
0.010194
-0.0057841
0.11313
0.12762
0.00066443
0.031729
0.12911
0.12283
-0.0048969
0.051057
0.16167
0.37497
0.0014906
0.053249
0.1595
0.33624
-0.0066934
0.0061585
0.060597
0.19503
0.012222
-0.010205
0.022829
0.090218
0.014058
0.027257
0.035505
0.19916
-0.010734
0.019222
0.03676
0.19974
-0.018423
0.0068714
0.021045
0.096596
