-0.0025442
0.011891
0.009238
0.19189
-0.0021376
0.014895
0.016818
0.26924
0.027079
-0.002961
0.054114
0.29315
0.0060737
0.0050705
0.071252
0.10606
-0.0016123
0.027416
0.01404
0.32165
0.00091569
0.06405
0.021662
0.416
0.021659
0.037367
0.092661
0.34419
0.0012675
-0.0062212
0.10011
0.14634
-0.0014082
0.0083715
0.010556
0.19432
-0.0052171
-0.0011876
0.020497
0.31501
-0.020351
-0.017043
0.072103
0.26687
-0.0067966
-0.0046856
0.1218
0.13263
-0.0021042
-0.015248
0.013182
0.11404
-0.0064363
-0.023343
0.021823
0.179
-0.016918
-0.04537
0.033779
0.1741
-0.021091
-0.036376
0.047949
0.099406
