0.019167
-0.0010164
0.048361
0.020091
0.087043
-0.0016845
0.14835
0.096385
-0.0028944
-0.05205
0.17558
0.17779
0.017832
-0.0027532
0.13612
0.13848
0.039117
-0.001848
0.099548
0.034175
0.063464
-0.055046
0.28197
0.20548
0.074856
0.010799
0.32809
0.30988
0.047169
0.0045034
0.16298
0.21893
0.0086787
-0.0075673
0.087666
0.036688
0.066456
-0.037597
0.25102
0.21124
0.10049
-0.03806
0.24872
0.26233
0.047206
-0.024372
0.16362
0.1721
0.0091491
-2.9968e-06
0.043213
0.020695
0.044382
-0.0016023
0.17554
0.14061
0.0381
-0.024089
0.13844
0.1145
0.035685
-0.011842
0.073981
0.084325
