0.22908
0.00015191
0.23556
0.022079
0.029853
0.0081478
0.071557
0.098132
0.0054187
-0.0032243
0.043137
0.11635
-0.0071181
0.0015792
0.030727
0.061976
0.35383
-0.01522
0.35564
0.037213
0.044297
-0.050103
0.11501
0.1477
0.0055154
-0.021957
0.06631
0.18173
-0.01732
-0.0099705
0.045026
0.1043
0.33888
0.0073132
0.35632
0.057169
0.039082
0.006205
0.12912
0.15781
0.01776
-0.030342
0.081858
0.23256
-0.019425
-0.017902
0.046839
0.11906
0.2194
-0.0029481
0.23466
0.025589
0.015402
-0.0060654
0.082923
0.088726
-0.012896
-0.014601
0.054937
0.10411
0.0062917
-0.013865
0.033798
0.09831
