-0.0038909
-0.034816
0.048601
0.15365
0.018551
-0.0043771
0.057753
0.19441
-0.011786
0.022675
0.079778
0.19136
-0.014173
0.025448
0.056123
0.13361
0.024192
0.074447
0.085767
0.19832
-0.038777
-0.032064
0.12058
0.29604
0.031628
-0.087784
0.098911
0.31673
0.013483
-0.0088783
0.081954
0.21967
-0.0089336
-0.031603
0.081568
0.23748
-0.010235
0.049642
0.12763
0.3463
-0.01571
0.095328
0.11244
0.30558
0.0032374
-0.017346
0.086338
0.25123
0.013427
0.0019221
0.031154
0.095774
-0.013604
-0.052528
0.060074
0.23401
0.0093379
-0.067115
0.068139
0.18184
-0.0047295
-0.016058
0.04732
0.16925
