0.0034922
0.023026
0.0059063
0.033579
0.0022325
0.025128
0.014823
0.067893
0.0043126
0.010531
0.025211
0.079954
0.0051941
0.014512
0.011687
0.042501
-0.020845
-0.040456
0.08059
0.15352
0.0071866
-0.047908
0.15409
0.30532
-0.029779
-0.081469
0.19276
0.2919
0.03542
-0.095904
0.1129
0.15071
-0.0063019
0.0015837
0.12272
0.20708
-0.018247
0.021346
0.1986
0.3989
-0.027123
-0.017293
0.20292
0.33996
0.0060315
0.00599
0.16557
0.19251
0.011724
0.016601
0.094714
0.094813
-0.018618
0.0042039
0.12795
0.22855
-0.011552
0.021923
0.13939
0.22198
-0.0002543
0.014002
0.07671
0.11764
