-0.0011724
-0.046009
0.081621
0.081808
-0.0017264
-0.081145
0.099636
0.12158
-0.0013771
-0.080018
0.080164
0.09913
0.010142
-0.031599
0.033812
0.046177
-0.016519
0.015545
0.22732
0.15956
-0.038758
0.0099687
0.33413
0.22529
-0.051751
-0.015327
0.31207
0.21837
0.073348
-0.0067834
0.16229
0.091297
-0.029749
0.024157
0.20964
0.13809
0.023133
0.029678
0.30409
0.19277
-0.095355
0.021715
0.30385
0.18114
0.06994
0.021528
0.13412
0.064166
0.0037468
-0.0025798
0.12677
0.083452
-0.011557
-0.012141
0.1864
0.13468
-0.014242
-0.023069
0.20636
0.11648
0.036333
0.0043343
0.06119
0.024052
