-0.0056846
0.0067421
0.052834
0.091697
-0.051665
0.073496
0.085477
0.25724
-0.0054
0.05608
0.070377
0.25274
-0.03846
0.022155
0.053622
0.15729
0.003565
0.055667
0.069499
0.19052
-0.05347
0.023064
0.12502
0.35479
-0.088388
-0.00048176
0.13608
0.42992
-0.045274
0.011174
0.067896
0.1661
-0.0047757
-0.019827
0.064913
0.17826
-0.011205
0.02021
0.12354
0.30197
-0.054564
0.086455
0.10895
0.28889
-0.037089
0.040947
0.049156
0.10194
0.0072467
0.034646
0.068061
0.10627
-0.020945
0.029711
0.069248
0.13155
-0.015782
-0.0098717
0.073925
0.20338
-0.027377
-0.0013057
0.037801
0.12622
