0.0058147
-0.031584
0.034458
0.090347
0.014897
-0.067299
0.026675
0.12604
0.0099521
-0.071378
0.017276
0.086665
0.003029
-0.034549
0.0084202
0.037731
0.0098161
-0.0014705
0.17335
0.14772
-0.040011
-0.0016415
0.30613
0.22057
0.029275
0.0029053
0.17318
0.24363
-0.0085341
-0.0083803
0.093839
0.16086
0.0040484
0.016712
0.21574
0.14546
-0.03056
0.025684
0.30683
0.23298
0.072092
0.0019932
0.30123
0.33062
-0.052417
-0.0082657
0.20859
0.14414
-0.0017337
-0.0071166
0.088922
0.086182
-0.012629
-0.030308
0.15435
0.16815
0.013875
-0.030685
0.17585
0.1197
-0.0023316
-0.0060557
0.12574
0.10209
