0.011446
0.0052815
0.040103
0.099101
0.038789
-0.018574
0.046501
0.17375
0.019164
-0.015543
0.039104
0.15607
-0.010381
0.0084691
0.039015
0.10466
-0.0086924
0.093573
0.069955
0.15234
0.046047
0.12973
0.094163
0.31484
0.017619
0.07793
0.070709
0.25693
0.025633
0.048699
0.053608
0.14348
0.027704
0.030754
0.080431
0.16684
0.024645
0.0016908
0.094762
0.47301
-0.041217
0.036733
0.12602
0.40951
0.033701
0.030887
0.076983
0.17923
-0.0035735
-0.0061114
0.05802
0.11205
0.0090166
0.040537
0.055259
0.23173
0.026632
0.035622
0.069227
0.22581
0.013008
0.020559
0.03564
0.1308
