0.013912
0.013015
0.073026
0.027488
0.016299
0.009879
0.10634
0.035607
0.023167
0.0075922
0.087519
0.039844
0.011764
0.0036795
0.044029
0.025557
0.019996
0.013348
0.084627
0.036799
0.021782
0.0039256
0.15097
0.076147
0.013721
-0.091047
0.14624
0.1562
0.017257
-0.091961
0.09512
0.12963
0.0082771
-0.042241
0.084262
0.30826
0.027339
0.039532
0.1354
0.51467
0.023828
0.083777
0.13228
0.48817
-0.0037703
0.079704
0.11361
0.33531
0.029298
0.027936
0.056533
0.096723
0.045337
0.056953
0.065209
0.10485
0.030802
0.051679
0.062847
0.079926
-0.018239
0.02727
0.062199
0.052234
