0.0089683
0.02495
0.071927
0.1124
0.00994
-0.0095769
0.11944
0.21385
-0.010636
-0.034423
0.1253
0.22478
-0.00023392
0.001413
0.092851
0.19504
0.012848
-0.0067426
0.10671
0.20537
0.019774
0.043182
0.14177
0.36205
0.025829
0.075958
0.17851
0.39967
0.011583
0.024956
0.12728
0.31743
0.0016902
0.043766
0.034285
0.1457
-0.014562
-0.0097193
0.076759
0.25179
0.023632
-0.010277
0.07011
0.3546
0.0030957
0.0044459
0.036737
0.2211
0.0016269
-0.010909
0.0098861
0.021427
-0.011444
0.010366
0.03684
0.037036
0.025369
0.034444
0.032425
0.035448
0.0044155
0.017988
0.0091536
0.020705
