0.094626
0.021984
0.12288
0.11843
0.015065
0.033211
0.0638
0.183
-0.041021
0.022972
0.096041
0.19668
-0.0078913
0.017887
0.057052
0.11596
0.11189
-0.02272
0.22085
0.20582
-0.0028326
-0.045874
0.10575
0.31096
0.0036735
-0.015694
0.13131
0.27433
-0.0080383
-0.0072057
0.082098
0.13401
0.11555
-0.003041
0.2125
0.1553
0.010418
0.0072318
0.097816
0.3146
-0.021266
0.015841
0.09954
0.31323
0.0019979
-0.015459
0.068956
0.16404
0.085721
0.005136
0.11616
0.15526
-0.018717
0.005477
0.073966
0.25408
-0.028214
-0.014293
0.078149
0.22011
-0.010552
7.7234e-05
0.049378
0.13473
