0.0034366
-0.0072585
0.13036
0.10653
0.01272
-0.0023438
0.16287
0.13346
0.0019163
0.033486
0.20691
0.16292
-0.01359
0.031835
0.086398
0.070904
0.0047694
-0.0204
0.13416
0.089267
0.053496
0.0035505
0.31566
0.27036
-0.0068851
-0.022895
0.39294
0.25099
-0.002993
0.00232
0.2463
0.18059
-0.012866
0.055375
0.048899
0.085814
-0.016405
0.034967
0.19105
0.21006
0.021481
-0.048727
0.27902
0.19554
0.017281
-0.038374
0.20095
0.16437
0.012879
-0.0038691
0.017654
0.022473
-0.015789
0.03241
0.050282
0.064476
-0.047408
0.056309
0.093083
0.10647
0.014148
0.0014557
0.051987
0.095633
