-0.0081771
-0.026882
0.17396
0.10765
-0.037817
-0.010704
0.22322
0.16125
0.07197
0.01708
0.21102
0.12284
-0.011487
-0.0019035
0.041511
0.011866
-0.01178
0.031087
0.23246
0.16342
-0.083744
-0.0031775
0.37377
0.25286
0.11672
0.020797
0.24814
0.16662
-0.034396
-0.0046951
0.049421
0.012451
-0.0039987
-0.0072501
0.21117
0.15102
0.00052543
0.017275
0.3146
0.27596
0.04921
0.03376
0.14412
0.12422
-0.024041
-0.0044074
0.05142
0.013107
0.001212
-0.00064437
0.17049
0.087984
0.03092
-0.012163
0.24348
0.13948
0.016024
-0.00016295
0.081738
0.045912
-0.0068514
-0.002077
0.03596
0.0090369
