-0.035185
-0.031011
0.11898
0.15354
-0.057708
-0.032311
0.17416
0.19621
-0.039142
-0.021408
0.16298
0.16683
0.0032884
-0.005199
0.069502
0.059561
-0.080862
-0.029859
0.1652
0.23643
-0.061229
-0.071063
0.33842
0.33576
0.013892
-0.016317
0.25834
0.23869
-0.023465
-0.010737
0.084718
0.065981
-0.048885
-0.026591
0.15979
0.18189
-0.0377
0.0067001
0.25935
0.29555
0.011021
0.032431
0.19093
0.15359
-9.3288e-05
0.01032
0.079956
0.078601
-0.013357
0.0076857
0.08475
0.12274
0.015605
0.030942
0.099768
0.11731
-0.0055126
0.017835
0.086224
0.069714
0.024052
0.046729
0.033184
0.058444
