-0.010725
0.020805
0.050886
0.19187
0.022065
0.0099004
0.05349
0.32364
0.014438
-0.0025798
0.050892
0.31024
0.028762
-0.031242
0.048035
0.21686
0.0042279
0.023008
0.084489
0.19618
0.013308
-0.0088269
0.10408
0.32868
0.023082
0.024984
0.17486
0.30468
-0.029427
0.0090881
0.081289
0.18088
0.017377
0.024912
0.07726
0.16146
-0.0062984
0.048872
0.091138
0.32174
0.0076921
-0.022958
0.15633
0.28416
-0.026226
-0.0030214
0.080056
0.079426
-0.00019323
-0.025017
0.067437
0.13417
0.014392
-0.072965
0.070518
0.17012
-0.00853
-0.041017
0.081078
0.14277
-0.016992
-0.029242
0.046862
0.10234
