0.0053863
-0.0056197
0.099875
0.1252
-0.020071
-0.015473
0.15178
0.21167
0.014559
-0.016582
0.17794
0.15201
-0.01579
-0.0069727
0.083623
0.10164
-0.0026608
0.0376
0.15265
0.26301
0.0023752
0.089473
0.19481
0.40328
-0.00044669
0.036148
0.12681
0.33752
-0.040578
0.0042252
0.077817
0.18991
0.012649
0.010858
0.048222
0.23993
-0.010741
0.040851
0.077527
0.34764
-0.048685
0.0032218
0.060602
0.31589
-0.024125
0.0039725
0.029458
0.12681
0.01022
0.014115
0.016931
0.10037
-0.0059175
0.0088877
0.022391
0.13737
-0.018014
0.025583
0.033752
0.090818
-0.011711
0.028633
0.018764
0.036297
