0.017667
0.038975
0.038528
0.080692
0.017614
0.052254
0.070691
0.14008
-0.051546
0.02554
0.090995
0.10553
-0.0056509
0.0010626
0.046266
0.12403
0.032888
-0.02762
0.091925
0.21574
-0.028028
-0.063103
0.12145
0.3298
-0.043049
-0.011333
0.12359
0.26707
-0.0013321
0.049493
0.062308
0.14321
0.037795
0.013548
0.087207
0.23374
-0.027259
-0.01364
0.10391
0.33231
0.029119
0.020716
0.10601
0.36601
0.0097065
0.017577
0.075101
0.16859
0.011023
-0.047877
0.045788
0.18054
-0.003962
-0.076788
0.037773
0.30666
-0.0024954
-0.08178
0.054734
0.28521
0.021756
-0.043665
0.090265
0.12116
