0.012687
-0.0026168
0.096426
0.11919
-0.012609
0.045039
0.12787
0.18601
-0.0070276
-0.0077482
0.186
0.15749
0.034768
0.027564
0.10124
0.071916
0.0038214
-0.011826
0.14217
0.23325
0.011379
-0.046819
0.21562
0.32338
0.052783
0.052138
0.25051
0.23521
-0.010293
-0.014467
0.092212
0.083041
0.018106
0.014645
0.19811
0.18159
0.033454
0.037557
0.3016
0.2698
0.0027549
-0.018126
0.22482
0.19186
-0.080371
-0.083624
0.086598
0.092285
0.0057763
0.0045169
0.10238
0.14085
0.0043318
-0.025781
0.15919
0.18103
-0.067416
-0.064785
0.096657
0.11597
-0.005878
0.0083504
0.01649
0.039232
