-0.033259
-0.02463
0.087376
0.069009
-0.0027355
0.006675
0.08442
0.076311
-0.0084688
-0.0020081
0.067701
0.072772
0.0065673
0.006344
0.047658
0.047196
-0.00082979
0.0036012
0.09265
0.080543
0.005205
-0.004449
0.12534
0.1092
-0.0072868
0.0041005
0.11183
0.11034
-0.002447
-0.0132
0.065046
0.067516
0.0041275
-0.0011678
0.085087
0.070631
-0.005849
-0.004511
0.12394
0.11116
-0.011349
-0.0021765
0.11079
0.095477
-0.012309
-0.011982
0.047694
0.0605
0.0010701
0.24398
0.029164
0.26447
-0.023774
0.36677
0.04891
0.40483
-0.017024
0.35145
0.044331
0.39751
-0.028158
0.20696
0.034125
0.232
