-0.030558
-0.0060292
0.12473
0.079363
0.034344
-0.0048861
0.29774
0.18693
0.017912
-0.0058216
0.14935
0.033718
-0.012717
-0.0025349
0.035396
0.026999
-0.028147
-0.0054858
0.22015
0.13735
0.052698
0.0048954
0.44199
0.31071
0.019205
0.0023406
0.18134
0.054137
-0.004152
0.013388
0.030213
0.025172
-0.052196
-0.00083213
0.22976
0.16445
0.064969
-0.012494
0.35198
0.25497
0.018124
0.003451
0.12058
0.036527
-0.0063752
0.0064187
0.051889
0.01836
-0.029314
0.0008737
0.14181
0.066357
0.03272
0.030311
0.23785
0.17522
0.020567
0.0082442
0.095224
0.04793
-0.0041625
-0.0014335
0.059488
0.020859
