0.022354
0.0089009
0.15675
0.08607
-0.043891
0.033582
0.19409
0.078465
0.013571
-0.0069727
0.049594
0.053257
0.018307
0.0027973
0.027702
0.034596
0.12363
-0.0096093
0.24353
0.095251
-0.16968
0.016072
0.40233
0.16033
0.030271
-0.037672
0.13031
0.087769
0.039266
-0.018182
0.053706
0.043018
0.12232
-0.071446
0.30712
0.13844
-0.134
0.024813
0.43738
0.17802
-0.032112
0.021485
0.1783
0.094126
0.042105
-0.016435
0.059617
0.033956
0.059832
-0.027893
0.22888
0.081626
0.033733
-0.0040555
0.21293
0.097594
-0.067852
0.02408
0.15852
0.057542
0.0057163
-0.002043
0.033727
0.021806
