-0.0043799
0.03029
0.04814
0.054094
0.015264
0.045193
0.10493
0.10175
0.095002
0.086749
0.177
0.12285
0.088027
0.1006
0.11539
0.10819
0.022927
0.014473
0.061241
0.061013
0.15279
0.22177
0.2442
0.24368
0.19967
0.22793
0.26113
0.27037
0.027337
0.037888
0.088816
0.085389
0.13801
0.15892
0.15898
0.18318
0.15468
0.21791
0.21139
0.25795
0.027129
0.043185
0.16037
0.12999
0.0068855
0.015166
0.09379
0.094205
0.056342
0.067314
0.072111
0.12245
0.015726
-0.0048153
0.069598
0.088514
0.0011211
0.0033451
0.080895
0.095663
0.007278
6.2507e-05
0.061713
0.06889
