-0.010146
0.00056957
0.13074
0.084121
-0.013414
-0.013544
0.17192
0.15618
-0.033387
-0.0023435
0.11503
0.10635
-0.010901
0.0056615
0.053659
0.041958
-0.032491
-0.010827
0.21872
0.12956
-0.017194
-0.028939
0.31748
0.22211
-0.03503
-0.0021988
0.22548
0.15214
-0.027244
-0.011046
0.064128
0.054868
-0.032618
0.0047075
0.25414
0.12645
-0.00050435
0.030765
0.35637
0.23821
-0.047718
0.022097
0.32154
0.15969
-0.039897
0.0013197
0.095044
0.072118
-0.01108
0.02869
0.11781
0.097696
-0.013007
0.0042237
0.24198
0.14534
-0.015666
0.0002574
0.21599
0.12791
-0.035339
-0.00018179
0.061363
0.065957
