0.0019405
0.23027
0.029799
0.24776
-0.0041543
0.35756
0.066578
0.38304
-0.0056006
0.3497
0.036255
0.38145
0.0017693
0.21995
0.018015
0.2441
0.0029557
0.018946
0.060606
0.086456
-0.002027
0.048997
0.16737
0.12568
-0.023155
0.031587
0.15197
0.19118
-0.0072615
0.016938
0.084123
0.11807
-0.00088462
0.024339
0.05403
0.045439
0.010415
0.0067828
0.13166
0.10465
-0.026481
0.016517
0.14412
0.09167
0.0050245
0.018997
0.053954
0.069346
0.0067508
0.0084374
0.038094
0.034157
-0.022121
-0.0001996
0.049919
0.046776
-0.0068104
-0.0042646
0.04653
0.037899
0.002922
0.0044898
0.053694
0.035024
