-0.011524
0.0037114
0.086234
0.068119
-0.081479
0.057516
0.2329
0.10224
-0.021842
0.020394
0.11183
0.078251
-0.018311
0.013963
0.066395
0.046449
-0.00075676
-0.0247
0.12843
0.19563
-0.036972
0.047647
0.29756
0.31566
-0.12282
0.086903
0.27453
0.1611
-0.042999
0.015066
0.11643
0.057054
0.012365
0.01479
0.13805
0.17462
0.052955
-0.068873
0.24462
0.28881
-0.12355
-0.0002182
0.33823
0.22853
-0.036127
0.013344
0.090897
0.043991
-0.0017492
-0.011744
0.1049
0.058764
0.018028
0.038891
0.15699
0.11126
-0.057438
0.026673
0.16601
0.10401
-0.029414
0.0045137
0.068119
0.028437
