0.0005527
-0.00012079
0.106
0.053793
0.006856
-0.0087858
0.17819
0.092194
-0.00085104
-0.0089244
0.15891
0.099811
-0.0002763
-0.00341
0.11881
0.075519
-0.0058878
-0.20983
0.079328
0.27886
-0.015749
-0.33916
0.1175
0.41762
-0.012152
-0.3523
0.10318
0.4006
-0.0071933
-0.20233
0.073079
0.22075
0.021362
-0.074699
0.040911
0.11587
0.0014959
-0.058686
0.051381
0.14653
0.0055103
-0.019765
0.033935
0.10562
-0.0056358
-0.015412
0.022119
0.044942
0.016688
0.0050655
0.016688
0.0065279
0.019262
0.0085386
0.025219
0.015128
0.0076062
0.0092291
0.03752
0.018505
-0.0071558
0.0063902
0.010961
0.0086062
