-0.019676
-0.010493
0.17962
0.096011
0.070021
-0.016199
0.25521
0.098337
0.0083443
0.0092141
0.17884
0.064463
-0.026335
-0.0089076
0.086846
0.033864
-0.014779
0.0044471
0.15334
0.079213
0.039908
-0.01623
0.36598
0.17466
0.10451
-0.050905
0.27592
0.11694
-0.071557
0.020536
0.17379
0.072123
-0.06408
-0.00069998
0.10725
0.069174
-0.020663
-0.032597
0.36051
0.15319
0.16681
-0.069793
0.31233
0.13504
-0.050694
0.023972
0.15615
0.065189
-0.030612
0.0048834
0.082774
0.045156
-0.0060613
0.0012008
0.20291
0.070534
0.086183
-0.029755
0.23582
0.075808
-0.0012796
-0.0013165
0.097463
0.030304
