-0.01871
0.015856
0.11072
0.1112
-0.040387
0.10652
0.22948
0.20656
-0.022611
0.017673
0.15711
0.11803
0.028013
0.0037758
0.081532
0.043544
0.0041519
-0.046103
0.12383
0.15985
0.036035
-0.061312
0.36914
0.35566
-0.15118
0.033231
0.29007
0.17595
0.053076
-0.0061702
0.10284
0.058298
-0.033637
0.0012574
0.14221
0.097793
0.036593
-0.030749
0.23488
0.25032
-0.096163
-0.011589
0.25666
0.19397
0.052141
-0.021151
0.10037
0.043472
0.011693
0.023791
0.10108
0.054194
-0.016755
0.025331
0.10567
0.077794
-0.064435
0.0096466
0.15295
0.067611
0.0076025
-0.013565
0.078994
0.03502
