0.062836
-0.019176
0.095084
0.051263
0.031298
-0.018532
0.063514
0.084028
-0.01713
-0.029803
0.036348
0.062102
-0.029896
-0.017854
0.050217
0.033305
0.014546
-0.1462
0.077368
0.1946
0.0044348
-0.36395
0.063488
0.40807
-0.021715
-0.35968
0.063989
0.3971
-0.014983
-0.19622
0.070409
0.25053
-0.041031
-0.016602
0.13807
0.13257
-0.023112
-0.03458
0.12813
0.16832
-0.010949
-0.036481
0.13194
0.15172
-0.019498
-0.046347
0.08549
0.095209
-0.010681
-0.0020665
0.0877
0.053654
-0.036278
0.0015774
0.11558
0.078631
-6.1026e-05
-0.00014052
0.09258
0.060628
-0.021308
0.0053081
0.046482
0.039435
