0.0071522
-0.0011598
0.038264
0.025177
0.08005
-0.0030962
0.258
0.0094957
-0.12954
-0.030049
0.22688
0.036799
-0.017661
-0.014073
0.020722
0.016502
0.010152
-0.0066592
0.046497
0.033379
0.12286
0.0036002
0.40424
0.015755
-0.2089
-0.00019359
0.38011
0.029411
-0.016533
0.005194
0.021079
0.01171
0.028097
0.019319
0.066643
0.030323
0.11042
0.02557
0.37224
0.034896
-0.21196
0.013674
0.3689
0.023364
-0.020024
-0.0010694
0.024613
0.014859
0.02936
0.019082
0.052299
0.033641
0.035156
0.025183
0.22148
0.032882
-0.14786
-0.023699
0.23809
0.035871
-0.0017113
0.0004171
0.027874
0.024335
