-0.00043017
0.00039972
0.0097558
0.0050241
0.22584
0.0094063
0.23045
0.014125
0.033124
-0.017917
0.12899
0.072865
0.0060468
-0.0073499
0.064933
0.045607
-0.012055
0.0013305
0.024757
0.008902
0.36133
0.017008
0.37429
0.027827
-0.0028502
-0.016675
0.21091
0.12849
0.03618
-0.0040469
0.1028
0.064785
-0.020399
0.0020429
0.031834
0.0076587
0.36692
0.022525
0.37973
0.0279
0.0036111
0.010939
0.25049
0.14235
0.048158
0.016824
0.085659
0.045327
-0.010974
0.0013615
0.02628
0.0060016
0.23333
0.014697
0.23522
0.017944
0.005004
0.028304
0.12363
0.090971
0.02857
0.0050858
0.044447
0.026479
