-0.033843
-0.0083695
0.13117
0.039664
0.032976
0.0099316
0.263
0.1155
0.045282
0.007545
0.19806
0.091317
-0.02195
0.0020806
0.03759
0.0060064
-0.036619
0.011637
0.17412
0.093102
0.051649
-0.023421
0.39655
0.1769
0.06
-0.044569
0.31631
0.12821
-0.022237
-0.001371
0.054185
0.0093014
-0.014363
-0.00059596
0.15926
0.06454
0.045112
0.018073
0.37306
0.15191
0.047162
0.01519
0.34782
0.13317
-0.011188
0.0016594
0.049646
0.0096522
-0.00054111
-0.00086032
0.10398
0.036045
0.017185
-4.8841e-05
0.24382
0.1026
0.039066
-0.0054296
0.23474
0.080494
-0.01241
-0.018367
0.046093
0.023351
