-0.012099
0.0033669
0.13628
0.085991
-0.073969
0.06163
0.18463
0.12133
0.0035715
-0.00037913
0.13366
0.079199
0.0077376
-0.0014859
0.069862
0.036284
0.0324
-0.03882
0.20415
0.13002
-0.065562
-0.014273
0.28537
0.21653
-0.088059
0.014059
0.25045
0.13277
0.037609
-0.015002
0.1056
0.072826
0.041063
-0.014181
0.19935
0.099133
-0.0083031
-0.0028027
0.33106
0.24406
-0.11607
0.055608
0.30419
0.18152
0.011803
0.003989
0.12663
0.11175
0.020247
-0.06919
0.069065
0.084313
-0.0084093
-0.1121
0.14897
0.20008
-0.022841
-0.10126
0.17031
0.21347
-0.0088262
-0.039226
0.080272
0.090828
