-0.022041
0.063808
0.13961
0.097077
0.11607
-0.019541
0.23597
0.095613
0.037649
0.025617
0.065909
0.051071
-0.0046445
0.016076
0.026967
0.020979
-0.070114
0.095674
0.18487
0.12306
0.0097067
0.046704
0.40106
0.25257
0.14164
-0.043281
0.1812
0.090823
-0.0019997
0.0098652
0.037018
0.024176
-0.021927
0.031971
0.10665
0.076053
-0.16413
0.10378
0.36825
0.2094
0.13526
-0.044297
0.3445
0.16766
0.015395
-0.0204
0.042185
0.040872
-0.006034
0.0081101
0.056133
0.051467
-0.05288
0.041156
0.11783
0.080571
-0.020791
0.038167
0.23542
0.12791
0.035315
-0.026285
0.07035
0.060845
