0.0085376
0.020875
0.038995
0.023643
-0.11616
0.018584
0.21673
0.040783
-0.065511
0.0028139
0.21353
0.050375
0.00047678
-0.0068586
0.15119
0.089976
0.018841
-0.00052918
0.068674
0.025767
-0.20364
-0.014788
0.34007
0.0484
-0.12811
-0.014722
0.29699
0.083997
0.027396
-0.0095436
0.19693
0.18687
0.019588
-0.0014579
0.040698
0.01542
-0.20271
-0.0022462
0.32271
0.033925
-0.13523
-0.0071729
0.28626
0.10583
0.047932
-0.0046891
0.2547
0.16168
0.015058
0.0019159
0.019749
0.005414
-0.13572
-0.0027486
0.21135
0.010136
-0.092183
0.0074438
0.19335
0.049155
0.040409
0.019069
0.1711
0.052027
