0.025234
0.0050791
0.027073
0.010982
-0.00086259
-4.6902e-05
0.060626
0.04392
0.011372
0.006919
0.091585
0.060724
-0.0027584
0.0034302
0.04785
0.033558
0.049064
0.0078515
0.075818
0.025504
0.074005
0.1258
0.21583
0.17029
0.049823
0.14757
0.24877
0.24649
0.0085542
0.11917
0.12912
0.19847
0.060049
-0.011328
0.070762
0.02394
0.22514
0.02486
0.43074
0.07654
-0.04136
0.035753
0.36537
0.11353
0.04533
0.0046583
0.17781
0.080466
0.035622
0.00041344
0.036665
0.0051928
0.16464
0.0010328
0.31048
0.015227
-0.04513
0.00067811
0.24516
0.056091
0.033084
-0.0084529
0.13163
0.049905
