0.0055766
-0.013488
0.023769
0.015738
-0.013943
-0.041769
0.050179
0.094754
-0.06776
-0.0059677
0.08753
0.10698
-0.030723
0.022718
0.04304
0.07821
-0.0324
-0.051037
0.067089
0.053578
-0.0046139
-0.090935
0.12209
0.17636
-0.021068
-0.063488
0.13137
0.20053
-0.027845
-0.045329
0.099735
0.14939
-0.022172
-0.23383
0.037974
0.23761
0.01412
-0.31983
0.055925
0.38653
-0.028333
-0.33364
0.080209
0.43581
0.0034224
-0.16577
0.079643
0.26811
-0.0040529
0.015182
0.02298
0.022171
0.00031889
0.018971
0.026744
0.032527
0.0031437
-0.0070719
0.026846
0.034628
0.0069022
-0.014816
0.02045
0.040531
