-0.089263
0.039862
0.1494
0.071314
-0.044788
0.040506
0.17334
0.084233
0.0066241
0.0083102
0.042264
0.030489
0.0021206
-0.014687
0.027561
0.021623
0.0066072
0.0088654
0.11053
0.054062
-0.20182
0.067715
0.41328
0.14914
-0.0014869
0.0052678
0.11881
0.058493
-0.0030519
0.0051024
0.046263
0.02741
0.14341
-0.049088
0.16511
0.06409
-0.30475
0.10105
0.4133
0.14434
0.0035362
-0.010292
0.26867
0.11053
-0.016125
0.0043238
0.046738
0.020038
0.14416
-0.05935
0.16191
0.066602
-0.10202
0.036981
0.16765
0.084117
-0.076999
0.034339
0.28282
0.12477
0.0013646
0.00029936
0.047495
0.023823
