0.0044862
-0.00078362
0.037817
0.0051656
0.012087
-0.035843
0.064864
0.05565
-0.13357
-0.006642
0.19197
0.025719
-0.0010773
0.00029409
0.090205
0.027487
-0.0065588
-0.0034519
0.077675
0.010158
0.0094406
-0.029515
0.27252
0.16559
-0.16367
-0.0019792
0.46539
0.057198
-0.003491
0.0059767
0.16524
0.042584
-0.012628
-0.0015421
0.084711
0.011198
0.011238
0.020019
0.27626
0.1168
-0.16431
-0.0072267
0.46091
0.045742
-0.005978
0.00099465
0.20142
0.038057
-0.01156
-0.0039805
0.061882
0.0073149
0.007595
-0.024633
0.16327
0.082175
-0.10549
-0.0065022
0.30141
0.037834
0.01546
-0.012347
0.12463
0.04201
