0.012179
0.0020412
0.022956
0.0052806
-0.052467
0.000849
0.07817
0.0094632
-0.20146
-0.00027577
0.31393
0.012596
-0.035173
0.004596
0.057332
0.0074824
0.015784
0.00062935
0.035822
0.0068136
-0.082127
-0.0013513
0.11481
0.011804
-0.30964
0.0087042
0.47045
0.019606
-0.047922
0.008504
0.086137
0.026014
0.015105
-0.00080197
0.051696
0.0065189
-0.075788
0.00024453
0.10635
0.013989
-0.3049
0.011302
0.458
0.020512
-0.048557
0.0079199
0.084056
0.025271
-0.0018201
-0.0042121
0.044949
0.0084011
-0.02929
-0.051741
0.12333
0.083616
-0.1885
-0.0046636
0.30807
0.026693
-0.026416
-0.0047413
0.048766
0.030788
