0.014368
-0.0080409
0.059283
0.10831
-0.032516
-0.022137
0.16991
0.16093
-0.020982
-0.016173
0.17001
0.074486
0.027967
-0.01276
0.11836
0.04069
0.026769
0.043995
0.15577
0.13685
-0.038058
0.069616
0.24776
0.27774
-0.057525
0.03067
0.32368
0.16153
0.03505
-0.017513
0.18466
0.058272
0.0039974
0.0087907
0.18303
0.10327
-0.037726
0.0040388
0.28846
0.16545
-0.14199
0.017671
0.34648
0.14067
0.052264
0.020198
0.1849
0.072617
0.0094589
-0.011002
0.072397
0.088456
-0.013982
-0.0079676
0.13143
0.13781
-0.055164
0.066915
0.22201
0.15717
0.012444
0.026572
0.13255
0.053411
