0.0066453
-0.01666
0.056584
0.029318
-0.016001
-0.0047558
0.055086
0.029133
-0.026135
-0.027066
0.20729
0.17514
0.0059231
-0.022877
0.13219
0.076061
0.018744
-0.00076594
0.174
0.070839
0.0032707
-0.014338
0.12334
0.064586
-0.079718
-0.0064815
0.35752
0.33259
0.031536
0.0085283
0.22938
0.12751
0.019324
-0.00057351
0.16645
0.076487
-0.022393
-0.0068468
0.21775
0.12836
-0.058499
-0.00092927
0.33114
0.3428
0.039732
0.010656
0.18572
0.10655
0.013801
0.0081295
0.09904
0.044233
-0.023305
0.0083885
0.14949
0.067644
-0.01559
-0.0019983
0.213
0.21046
0.023177
0.010871
0.094212
0.084028
