-0.047942
0.005208
0.19045
0.049526
-0.030826
-0.015054
0.17925
0.12309
-0.0029198
-0.0083637
0.19357
0.11421
0.040174
-0.012194
0.096544
0.036912
-0.074862
0.0072683
0.22686
0.098857
-0.041311
-0.030441
0.26294
0.19503
0.054729
0.018997
0.301
0.16796
0.021241
-0.0038349
0.21075
0.087294
-0.097453
-0.0042691
0.16542
0.12614
-0.019266
-0.021779
0.2543
0.19343
0.09049
-0.053532
0.29222
0.13279
-0.016424
0.0088152
0.2188
0.067115
-0.035682
0.054512
0.16673
0.11943
-0.054406
0.027033
0.17243
0.12082
0.02744
0.016693
0.18421
0.14774
0.00048046
-0.017478
0.13821
0.055099
