-0.036015
0.0012422
0.10355
0.0095605
-0.043237
0.013871
0.16607
0.10517
0.079527
0.016317
0.20914
0.08999
0.012622
0.00075631
0.075576
0.0041874
-0.065961
0.0021344
0.15645
0.017126
-0.055741
-0.038777
0.25512
0.21395
0.11149
-0.029111
0.36076
0.17294
0.017014
-0.0017016
0.11961
0.0073221
-0.075197
-0.00022166
0.15678
0.017776
-0.064326
-0.016274
0.28621
0.21935
0.11372
-0.0088335
0.3715
0.19767
0.017701
-0.0027748
0.12508
0.0090303
-0.045575
-0.00036156
0.091531
0.013187
-0.047492
0.002082
0.18419
0.16883
0.075734
-0.0018902
0.26793
0.13943
0.0096681
1.4635e-05
0.082205
0.0045921
