0.020677
-0.004324
0.10054
0.060572
-0.11946
0.042773
0.22792
0.086288
0.0001939
0.0035217
0.18581
0.065717
0.0057458
-0.0024565
0.020805
0.011166
0.10396
-0.040943
0.20091
0.11688
-0.054898
0.020904
0.25805
0.1222
-0.12164
0.063211
0.39601
0.13645
0.023636
-0.0038512
0.062989
0.020339
0.098909
-0.041494
0.22289
0.17485
0.059099
-0.04031
0.22489
0.13484
-0.19281
0.063081
0.38225
0.13898
0.023236
-0.0051846
0.12868
0.046862
0.04676
-0.01456
0.13944
0.12873
0.072891
-0.012802
0.12279
0.11992
-0.11687
0.032171
0.155
0.069563
-0.0024958
-0.0019801
0.10271
0.033966
