-0.034786
0.020061
0.074824
0.064311
0.034851
0.011336
0.13656
0.16518
0.022016
-0.039525
0.17086
0.17728
-0.049643
-0.0054726
0.13855
0.062588
0.010619
-0.0050686
0.20808
0.076741
-0.054756
0.0040291
0.35341
0.21437
0.024765
-0.063327
0.27155
0.19533
-0.064165
-0.025189
0.18961
0.051587
-0.0064383
-0.018894
0.23575
0.066421
-0.024139
0.0073447
0.31236
0.21177
-0.038393
-0.00036657
0.22538
0.20796
-0.052077
0.030163
0.19205
0.072033
-0.019117
0.0085766
0.12399
0.052497
-0.022099
-0.040927
0.12687
0.14166
0.0052857
0.025148
0.13183
0.12992
0.015699
0.023146
0.16692
0.070058
