0.0049205
0.0066746
0.12225
0.058579
0.013446
-0.026766
0.17439
0.11261
0.00099753
-0.047342
0.089738
0.13745
-0.0015696
-0.041148
0.1359
0.1107
-0.046053
0.0033679
0.16482
0.085402
0.074275
-0.011943
0.31351
0.10397
-0.10563
0.034029
0.31304
0.1796
0.020516
-0.017443
0.21951
0.090606
-0.053766
-0.017485
0.13881
0.085627
0.13491
-0.049934
0.29686
0.094564
-0.046561
0.032072
0.39563
0.16839
0.0096007
-0.0025602
0.22979
0.1305
-0.039532
0.0083661
0.06601
0.026251
0.075432
-0.018351
0.13814
0.045124
-0.0011756
0.026841
0.19187
0.12702
0.022562
0.058944
0.095868
0.13668
