-0.0047814
0.001424
0.12532
0.13253
-0.011683
0.0064653
0.18197
0.22067
-0.055062
-0.0054677
0.20561
0.032925
-0.013809
-0.003115
0.015914
0.0033709
-0.024334
-0.012105
0.2229
0.17438
0.019167
-0.026345
0.37713
0.26949
-0.10011
-0.014217
0.2851
0.035134
-0.013232
-0.0060219
0.018787
0.0061466
-0.034775
0.013182
0.20956
0.17807
0.039366
0.028469
0.3307
0.24268
-0.11453
-0.013821
0.27486
0.032598
-0.0060957
-0.0052373
0.010766
0.0055689
-0.018963
0.01762
0.10192
0.10491
0.0044963
0.017382
0.19819
0.13789
-0.078598
-0.011173
0.15072
0.015995
-0.0016917
-0.0033047
0.0037177
0.0035582
