0.0054992
-0.013869
0.14631
0.070803
0.035102
0.064134
0.21083
0.14474
-0.028155
0.028283
0.18026
0.12337
-0.038016
0.021203
0.1293
0.066964
0.022709
-0.0089184
0.19759
0.08947
0.10508
-0.033437
0.32818
0.12868
-0.046804
-0.0063661
0.29011
0.15486
-0.063876
-0.021232
0.19137
0.07643
0.0072181
0.0011012
0.22236
0.0844
0.067725
-0.02325
0.29883
0.13899
0.024803
-0.028831
0.27116
0.21646
-0.064429
0.0285
0.20464
0.090343
0.011701
-0.027499
0.13788
0.066767
0.0092601
-0.026498
0.18481
0.11519
0.027433
-0.03506
0.11041
0.18137
-0.029612
0.00051595
0.12286
0.077252
