-0.00032487
0.016842
0.090582
0.059704
0.019178
-0.0049538
0.13299
0.081464
-0.030677
-0.037088
0.17628
0.11858
0.011138
-0.0085904
0.11786
0.11574
0.013509
0.010302
0.10268
0.034147
-0.0069098
0.0045359
0.22315
0.15228
-0.035045
-0.033412
0.3205
0.27624
-0.00017411
-0.020122
0.21059
0.19717
0.0056762
0.0023856
0.083884
0.034771
-0.024285
-0.016867
0.24116
0.1187
-0.034151
0.00022894
0.3594
0.26109
0.019185
0.0039395
0.24976
0.20312
0.0032108
-0.005136
0.059058
0.021149
-0.0062378
-0.010488
0.13512
0.10951
-0.019423
0.021646
0.20701
0.1822
0.011649
0.0025539
0.14802
0.14492
