-0.0033793
0.0001612
0.013245
0.0075129
-0.0016215
0.0057275
0.015077
0.0099179
0.0003613
0.0031736
0.018795
0.01037
-0.002398
0.0058122
0.012023
0.012328
0.001472
0.016998
0.028404
0.032618
0.0039085
0.078682
0.03312
0.090056
0.019008
0.11268
0.058973
0.12299
-0.016399
0.060238
0.033493
0.069021
0.16769
0.17194
0.17755
0.18462
0.025115
0.38432
0.073807
0.40414
0.0033342
0.3764
0.061775
0.38173
-0.03207
0.25904
0.037416
0.26113
0.1268
0.012674
0.12692
0.016145
0.042169
0.058277
0.063717
0.066754
0.025423
0.066249
0.079905
0.071835
-0.0061549
0.04405
0.055493
0.047833
