0.0191
-0.00090713
0.037107
0.016178
-0.090593
-0.0040285
0.18219
0.0098206
-0.046373
-0.012743
0.20983
0.14225
0.01255
0.00048161
0.14977
0.033608
0.026311
0.0021313
0.057903
0.018295
-0.14798
-0.0059465
0.28751
0.021032
-0.055157
0.0079577
0.33048
0.29981
0.024802
0.0014652
0.19592
0.068381
0.014325
-0.013904
0.071824
0.027473
-0.143
-0.031448
0.31246
0.046714
-0.041955
-0.0044759
0.34527
0.23987
0.023667
-0.0037547
0.16891
0.053238
-0.016425
-0.00030958
0.089182
0.029639
-0.071734
-0.010065
0.27674
0.044451
-0.011631
0.0033936
0.21134
0.15385
0.0084443
-0.0037981
0.10098
0.034282
