0.016741
-0.014171
0.14096
0.14211
-0.052968
0.040777
0.22314
0.12746
-0.032722
0.0094685
0.20058
0.11977
0.021666
0.0020275
0.12318
0.065491
-0.0038983
0.050935
0.22157
0.12424
-0.012432
-0.030426
0.37248
0.1971
-0.064961
0.0018104
0.33943
0.16388
0.034479
-0.024838
0.15706
0.080647
0.0016101
-0.058422
0.22057
0.10318
-0.027047
-0.052233
0.23317
0.18455
-0.050792
-0.024502
0.21462
0.1546
0.036581
-0.011722
0.15637
0.10746
0.0028691
0.0054711
0.15594
0.055471
0.0012898
0.067099
0.15057
0.14901
-0.063411
0.015298
0.1129
0.12112
-0.0032983
-0.012483
0.078863
0.09008
