0.0021029
-0.010931
0.12168
0.039646
0.049556
-0.033999
0.15774
0.15988
-0.028184
-0.0085525
0.1638
0.1668
0.012507
-0.0057301
0.10465
0.06385
-0.042579
0.020194
0.15432
0.048494
0.084453
-0.0046565
0.32128
0.16525
-0.073324
-0.020988
0.33037
0.24855
0.046801
-0.029424
0.1722
0.10722
-0.0062315
0.0088288
0.1231
0.04621
0.073655
-0.044319
0.30621
0.12862
0.011032
0.029314
0.28132
0.29398
0.019897
0.048444
0.17351
0.12679
0.0055708
-0.0076204
0.090998
0.045535
0.021636
0.014517
0.1547
0.084613
0.075458
0.028743
0.13558
0.17264
-0.025821
0.0036426
0.13754
0.067863
