0.061754
-0.036139
0.11216
0.082836
-0.035104
-0.008356
0.16797
0.20082
-0.032437
0.052977
0.14602
0.12156
-0.02237
0.016019
0.059628
0.05214
0.062087
-0.0075152
0.16684
0.12177
0.023293
0.0053136
0.38543
0.1792
0.025423
-0.011683
0.29788
0.15652
-0.071169
0.023904
0.17086
0.077633
0.13183
-0.015005
0.1729
0.062946
-0.066397
0.056804
0.34808
0.19915
0.041238
-0.046405
0.26703
0.16591
-0.072049
-0.00098918
0.17623
0.081693
0.053664
-0.0020537
0.13657
0.04743
-0.014675
-0.064557
0.20501
0.093444
-0.0096437
-0.01819
0.11206
0.091263
-0.0037167
0.007396
0.079105
0.061887
