-0.022257
0.0029952
0.072374
0.085751
0.044148
-0.07758
0.15562
0.15926
-0.041599
-0.002547
0.18218
0.10476
-0.012803
0.0071739
0.071543
0.031192
-0.048919
0.015131
0.16564
0.078724
-0.032054
0.032188
0.36968
0.18572
0.0053798
-0.022176
0.28643
0.094114
-0.019795
-0.0073449
0.1006
0.033907
-0.0033568
-0.0016918
0.16527
0.054889
-0.053409
0.010702
0.37965
0.25996
0.0073446
-0.0080483
0.33243
0.17965
-0.034219
0.029802
0.12023
0.070768
0.037251
-0.01403
0.084372
0.03852
-0.033601
0.053333
0.16099
0.16731
0.064933
0.085244
0.16249
0.15742
-0.064431
0.025705
0.12593
0.060693
