-0.015255
0.0019836
0.06078
0.0071655
0.0064688
0.014893
0.17569
0.079854
-0.14422
0.013922
0.22591
0.031891
-0.040463
-0.0099902
0.11378
0.043672
-0.025637
0.0068155
0.083752
0.01996
0.018789
-0.0087581
0.37493
0.1828
-0.17227
0.026336
0.36702
0.055066
-0.10349
0.043844
0.15344
0.061121
-0.016987
-0.00058918
0.079117
0.020844
0.022873
0.034861
0.33454
0.22535
-0.17881
0.019627
0.30688
0.059378
-0.025555
-0.02822
0.17264
0.06756
-0.006239
0.00021291
0.049762
0.0088385
0.015081
0.0026446
0.18816
0.14925
-0.12713
0.0014924
0.20557
0.044559
-0.026579
-0.0007896
0.13759
0.021593
