0.014271
0.0042014
0.094978
0.029737
-0.066448
0.0054695
0.10778
0.080453
-0.008421
-0.0098675
0.22713
0.19643
0.0050609
-0.001387
0.092913
0.036119
0.006322
-0.00408
0.14474
0.058246
-0.088363
-0.017655
0.21091
0.18898
-0.019345
0.014673
0.33847
0.31114
0.021357
-0.0036457
0.1226
0.051259
-0.00060444
0.0051564
0.14805
0.046552
-0.068155
-0.0066551
0.25729
0.18516
-0.012627
-0.013127
0.35556
0.32617
0.012365
0.0091601
0.10547
0.060055
0.012878
0.005099
0.084897
0.031683
-0.061779
0.004346
0.16459
0.12269
0.0032199
-0.0046965
0.21239
0.20572
0.019792
0.0039746
0.055565
0.038648
