-0.018221
-0.00049346
0.087174
0.087033
-0.0082581
-0.018981
0.14784
0.22245
0.046483
-0.0050067
0.14141
0.097569
0.0042893
-0.0016494
0.023484
0.0049459
-0.017611
-0.024017
0.12404
0.20886
-0.029613
-0.014892
0.22438
0.37553
0.076543
-0.023607
0.24174
0.16145
0.0040481
-0.0079873
0.047307
0.017149
-0.024353
0.0010075
0.12652
0.23203
-0.044212
-0.0084706
0.27673
0.31537
0.070934
-0.0048585
0.31876
0.13449
0.0024433
-0.0056833
0.054794
0.023019
-0.014278
-0.0098987
0.094821
0.12756
-0.0082228
0.0063302
0.17689
0.21606
0.030697
0.014415
0.20182
0.10283
8.7716e-05
0.0014404
0.037129
0.014802
