-0.054837
-0.0025219
0.14494
0.02714
0.016631
-0.0035113
0.25828
0.1572
0.014387
0.0028327
0.1378
0.011578
0.0066592
0.0026583
0.0072435
0.0037509
-0.089932
-1.6304e-06
0.23373
0.047275
0.034755
-0.0041322
0.41006
0.24914
0.027496
0.0030347
0.21334
0.019916
0.010686
0.0026923
0.011022
0.0056989
-0.096791
0.0026936
0.25182
0.038542
0.041547
0.0070029
0.48332
0.12791
0.037832
0.00025602
0.21238
0.013836
0.012189
0.0020108
0.012205
0.0051005
-0.059185
-0.0017055
0.1628
0.021236
0.022712
-0.007842
0.29541
0.1028
0.022748
-0.00078315
0.13444
0.0083938
0.0078476
-6.5312e-05
0.0080664
0.0027198
