0.11484
-0.0096629
0.1254
0.015897
-0.019249
-0.00090015
0.17376
0.030392
-0.095187
-0.0042137
0.25623
0.033926
0.029376
-0.0085387
0.1175
0.037463
0.19586
0.0063015
0.2168
0.021479
-0.031277
0.031552
0.24815
0.062815
-0.18192
0.017746
0.38245
0.05065
0.059169
-0.0016132
0.19216
0.04345
0.1938
-0.005791
0.22391
0.023633
-0.021692
0.0044056
0.1553
0.019296
-0.21946
0.0037734
0.34319
0.044874
0.061689
-0.0016179
0.21687
0.065123
0.1261
0.0039238
0.1542
0.032137
-0.017633
-0.002249
0.090239
0.0080057
-0.13533
0.00021209
0.20211
0.03192
0.038359
0.0055929
0.14196
0.043597
