-0.0125
-0.0022744
0.020774
0.01138
-0.022758
-0.021414
0.18069
0.13983
0.020322
-0.029278
0.178
0.10745
0.0056059
0.0054695
0.059167
0.016352
0.022182
-0.014312
0.084821
0.033251
-0.072612
-0.0046783
0.32737
0.29718
0.060951
0.010981
0.29276
0.25071
0.023501
0.0091856
0.083715
0.023755
0.0052605
-0.0076137
0.15071
0.05078
-0.053371
-0.0071429
0.30229
0.31284
0.058884
-0.0035397
0.30962
0.25474
0.025583
-0.0041041
0.066385
0.019506
0.0077774
0.0009313
0.10323
0.027567
-0.034032
-0.013588
0.20112
0.16942
0.035413
-0.011712
0.17833
0.15347
0.012548
-0.0030479
0.034495
0.0093616
