0.15019
0.018021
0.15676
0.019146
-0.0013994
-0.0045871
0.09568
0.050609
-0.12982
0.019301
0.17903
0.060846
0.026255
0.012437
0.065417
0.043022
0.22
0.027755
0.23787
0.028767
-0.037616
-0.0044355
0.26903
0.06926
-0.18931
-0.015475
0.34876
0.084354
0.031059
-0.019269
0.12154
0.088761
0.19322
0.03206
0.21933
0.034091
-0.080209
0.0021243
0.30398
0.073944
-0.16512
-0.022463
0.34673
0.078668
0.020018
0.0063484
0.12631
0.078075
0.095127
0.017068
0.12756
0.018734
-0.064073
0.0069091
0.19699
0.041782
-0.12231
-0.028978
0.19125
0.040765
0.039224
-0.0062352
0.085093
0.065955
