-0.0045573
0.0088303
0.1077
0.053443
0.031186
-0.028924
0.2554
0.15466
0.093302
-0.060075
0.27175
0.20312
-0.043323
0.010113
0.13363
0.068752
-0.014901
-0.0071465
0.14622
0.06721
-0.0027212
-0.014149
0.28767
0.14103
0.045456
-0.040498
0.36292
0.23505
0.097278
-0.040281
0.18703
0.09665
-0.050885
-0.0078552
0.13024
0.05666
-0.032639
-0.0066422
0.2335
0.092938
0.02271
-0.020943
0.29347
0.16672
0.13266
-0.060271
0.23388
0.125
-0.0367
0.020023
0.10412
0.063511
-0.0079901
-0.01193
0.090066
0.052159
0.021428
-0.016552
0.12742
0.067275
0.040471
-0.022317
0.12998
0.075533
