0.014162
-0.0060137
0.074784
0.036606
0.081984
-0.030192
0.21512
0.099066
-0.059831
-0.03358
0.15188
0.1263
-0.032946
0.013428
0.090636
0.061566
0.013057
-0.0048584
0.1114
0.051243
0.09366
-0.037712
0.3493
0.13205
-0.01578
-0.026589
0.23518
0.25358
-0.083878
-0.0089957
0.1633
0.11811
0.025729
-0.039369
0.10328
0.08525
0.10776
-0.06605
0.35483
0.18509
0.0015315
0.011432
0.28498
0.2522
-0.081254
0.017942
0.20359
0.12337
-0.0022463
0.0085864
0.094143
0.083732
0.092852
-0.0016236
0.18315
0.12101
0.00049659
0.0156
0.15836
0.11089
-0.024336
0.015156
0.12169
0.089961
