0.0059179
-0.036307
0.013858
0.043312
-0.010183
0.013702
0.033251
0.065227
0.010724
0.04711
0.036527
0.085474
-0.01079
-0.0048345
0.039272
0.067072
0.026061
-0.21177
0.036932
0.24333
0.038754
-0.38067
0.060339
0.40022
0.027817
-0.3979
0.065858
0.42196
-0.0017513
-0.25002
0.049074
0.30493
-0.0075148
-0.021584
0.032516
0.063379
-0.0077699
-0.0532
0.057689
0.087232
0.0044515
-0.070938
0.058783
0.11702
-0.0042433
-0.055719
0.021836
0.086963
-0.010866
0.0055486
0.019905
0.015484
-0.00803
-0.0024284
0.030564
0.020308
0.00070522
-0.0043666
0.047
0.022735
-0.0016936
-0.0026397
0.012307
0.012547
