0.017868
0.0034556
0.11208
0.061332
-0.006037
-0.0087412
0.12241
0.10407
-0.15781
-0.0062621
0.19538
0.018368
0.0043897
-0.0017455
0.018599
0.011006
-0.0054509
-0.016448
0.18974
0.17263
0.028187
-0.038455
0.26797
0.25397
-0.23429
-0.0067706
0.32014
0.044275
0.002932
-0.00032812
0.019478
0.012737
-0.014254
0.013264
0.12275
0.16946
0.011791
0.01578
0.22415
0.2673
-0.24461
-0.0035094
0.39182
0.05975
0.0047943
-0.010266
0.031735
0.020041
-0.013299
-0.0012751
0.089375
0.094951
0.012489
0.0046504
0.11275
0.13972
-0.18249
0.028956
0.23754
0.048489
0.0032001
0.0008169
0.037392
0.01471
