-0.0042157
0.085137
0.039876
0.11415
0.014055
0.11718
0.053037
0.13321
-0.020189
0.12355
0.064423
0.14496
0.012623
0.081614
0.033671
0.098489
-0.0090852
0.035408
0.17435
0.19108
-0.0090613
0.05876
0.25056
0.25767
0.012331
0.0692
0.25061
0.27104
-0.021878
0.011142
0.12944
0.15604
-0.014069
2.0931e-05
0.18603
0.16749
-0.023588
0.035996
0.27636
0.24597
-0.0053103
-0.040139
0.2635
0.22038
-0.0082765
0.024065
0.14162
0.13005
0.0096822
0.0029752
0.12249
0.10564
-0.018279
-0.0254
0.16763
0.15629
-0.011676
0.035695
0.15345
0.14458
-0.010283
-0.016956
0.091052
0.090054
