-0.012576
0.050784
0.069644
0.079472
0.035352
0.012443
0.27699
0.036982
-0.067236
-0.00070696
0.22977
0.02409
-0.0083207
0.0052378
0.015558
0.015174
-0.031009
-0.0066095
0.13356
0.10434
0.016089
0.029118
0.44393
0.098302
-0.098451
-0.012293
0.3722
0.025318
0.0035336
0.0056904
0.027928
0.017572
-0.030086
0.016947
0.06021
0.04824
-0.0030594
-0.015194
0.42434
0.059401
-0.11474
0.0012307
0.34244
0.023238
0.017543
-0.0019711
0.027362
0.015048
-0.02725
-0.022624
0.036293
0.024566
0.024555
-0.025115
0.28136
0.030074
-0.064837
0.033323
0.21155
0.044882
-0.003382
3.979e-05
0.018717
0.015686
