-0.011055
0.0015957
0.070406
0.033077
0.002585
-0.012936
0.15409
0.078375
0.22106
0.0035156
0.25058
0.038083
0.036241
-0.0043835
0.041467
0.0068674
0.0023186
-0.0032374
0.10756
0.055217
-0.0022451
0.020652
0.2745
0.14201
0.33869
0.015791
0.39867
0.039841
0.03649
-0.0052334
0.055719
0.0086084
0.00794
0.014143
0.077414
0.04754
0.018301
-0.010837
0.26971
0.17196
0.31115
0.01566
0.35955
0.057252
0.027898
-0.0063697
0.040869
0.010541
-0.0052716
-0.0015064
0.064682
0.024771
0.049154
0.027376
0.1762
0.086351
0.1665
0.016902
0.19065
0.043028
0.018176
-0.0031692
0.018757
0.0069957
