0.011906
0.0072455
0.025925
0.013694
0.15494
-0.013806
0.16908
0.030775
0.15707
-0.051811
0.25175
0.099609
0.0053371
-0.031335
0.052271
0.059607
0.0027762
0.0081377
0.020905
0.01708
0.12331
-0.015181
0.1512
0.042402
0.28995
-0.036135
0.41648
0.1291
0.0021947
0.0090536
0.070638
0.083975
0.0028887
-0.021934
0.022572
0.040682
0.028334
-0.017244
0.07329
0.044933
0.37316
-0.064563
0.4171
0.14754
-0.011895
-0.012196
0.074265
0.081836
0.0079743
-0.0021175
0.021857
0.014951
0.012762
-0.0077001
0.041003
0.020891
0.25157
-0.027485
0.2559
0.051514
0.0032144
0.005722
0.083241
0.060589
