0.0042129
0.009565
0.043984
0.1307
-0.016656
0.0060355
0.068104
0.21974
-0.024404
-0.017741
0.069448
0.23053
0.00069673
-0.013873
0.030396
0.12274
0.0048175
0.010807
0.051944
0.16639
-0.022896
-0.019079
0.13158
0.28005
0.022676
0.025975
0.12767
0.36599
-0.014001
0.048411
0.068182
0.20645
0.017196
-0.017645
0.087745
0.18106
-0.016643
-0.005908
0.10179
0.38048
0.026872
0.0074891
0.11386
0.40565
-0.0094689
0.017544
0.056358
0.22445
-0.027105
0.014742
0.052828
0.073484
-0.0023995
-0.010078
0.039911
0.16623
0.012811
-0.023341
0.060168
0.17951
0.019326
-0.028754
0.041355
0.13214
