-0.0014967
-0.0020431
0.016833
0.0070329
-0.13076
-0.0078943
0.29405
0.032968
-0.017392
0.0026371
0.20841
0.046647
-0.0023136
-0.00011257
0.04906
0.0054598
-0.02824
-0.00046745
0.051728
0.012062
-0.20141
-0.0040752
0.43858
0.073508
-0.024903
0.0032115
0.2776
0.10194
0.00022025
-0.00089842
0.061684
0.0084816
-0.056212
-0.00046712
0.079673
0.0088756
-0.1755
-0.0068543
0.46596
0.08186
-0.036937
-0.0074269
0.28641
0.10384
0.0044529
-0.0033569
0.047851
0.0072932
-0.05315
-0.0025106
0.0641
0.0067882
-0.10376
-0.0045504
0.30836
0.043534
-0.026752
-0.0025147
0.18408
0.040191
0.0045093
-0.0011238
0.028231
0.0038892
