-0.0016473
0.010385
0.10246
0.10091
0.017305
0.056557
0.19102
0.12535
0.043094
0.010711
0.17591
0.10266
-0.056305
0.022891
0.12474
0.068681
0.058047
0.014685
0.12805
0.14001
-0.039932
0.010257
0.29244
0.21196
0.073903
-0.056946
0.26392
0.1585
-0.027083
-0.0053732
0.13058
0.15657
0.071211
0.01373
0.18782
0.10959
-0.097262
0.044578
0.3358
0.18002
0.029879
0.019629
0.34377
0.15067
0.023029
0.016855
0.15139
0.16252
0.038773
-0.028537
0.11463
0.074946
0.0099386
-0.028468
0.12803
0.14238
-0.030153
0.022044
0.19465
0.14386
0.03736
-0.0098799
0.10945
0.070526
