-0.011393
-0.042362
0.10502
0.11916
-0.031723
-0.010508
0.11779
0.094858
-0.011812
0.01313
0.06864
0.068967
-0.0095032
0.002184
0.041739
0.01785
0.032334
0.011065
0.11187
0.15199
-0.026689
0.070154
0.18918
0.1666
-0.0072984
0.061613
0.085111
0.16336
0.0062755
0.067602
0.053447
0.092387
0.012493
0.23589
0.053173
0.24261
0.0024549
0.34969
0.075181
0.36067
0.0061092
0.37796
0.035737
0.37883
0.0063592
0.23266
0.022127
0.23442
0.003952
0.016518
0.0058279
0.016654
0.0077331
0.025185
0.010737
0.026506
0.0071198
0.026257
0.0095456
0.026398
0.0038973
0.018206
0.0066517
0.018648
