-0.0046264
0.01002
0.099403
0.049379
-0.006079
-0.0088986
0.2119
0.10483
0.0022325
-3.3686e-05
0.2158
0.12584
0.0064394
-0.008031
0.15559
0.072971
-0.0065158
-0.014952
0.11968
0.06961
-0.0010634
0.02472
0.3136
0.15552
-0.0037013
-0.0013065
0.31212
0.16944
-0.011926
0.00075338
0.23798
0.12367
0.011239
-0.0028867
0.11657
0.099149
0.01617
-0.0011669
0.28586
0.12067
-0.055796
-0.0092391
0.3661
0.13974
0.0054052
-0.014343
0.22934
0.13865
-0.0017417
-0.011131
0.10153
0.072211
0.021408
-0.013592
0.1962
0.094043
-0.031033
-0.0056737
0.21505
0.08756
-5.5857e-05
0.0064199
0.16125
0.07223
