-0.0073665
0.0010482
0.079247
0.041974
0.025978
0.002683
0.078492
0.051208
-0.061005
0.019192
0.14711
0.23995
-0.0048911
0.010689
0.1531
0.15832
-0.0010478
0.015686
0.097435
0.060343
-0.0014929
0.017418
0.11868
0.071688
-0.054379
-0.024299
0.2642
0.39276
-0.0020902
0.003694
0.22281
0.27275
0.01845
0.011158
0.03265
0.022085
-0.050111
0.011057
0.062939
0.042781
-0.049122
0.016285
0.29712
0.36467
-0.0076296
0.0052467
0.20557
0.27495
0.0087982
-0.00033485
0.012705
0.0075172
-0.012831
0.0033237
0.015686
0.0068958
-0.041358
0.010079
0.19317
0.18719
-0.014353
0.0056701
0.14629
0.13041
