-0.031045
-0.0045687
0.062774
0.014465
0.019022
-0.027263
0.15171
0.098121
-0.15888
-0.0047108
0.24577
0.018829
-0.0005095
0.00044043
0.050927
0.0040432
-0.064543
-0.004564
0.10541
0.02388
0.058939
0.012892
0.28644
0.19086
-0.23982
0.0050973
0.3892
0.038629
-0.0016275
0.0037372
0.072401
0.0090581
-0.052701
-0.0018418
0.08452
0.031722
0.0604
0.019362
0.26599
0.24493
-0.24512
-0.0022998
0.39156
0.035449
-0.0063003
0.00063772
0.07159
0.0093684
-0.034387
-0.0012471
0.050878
0.025831
0.043987
-0.003546
0.14491
0.19821
-0.1558
-0.0069069
0.24284
0.027792
-0.0060461
-0.0054077
0.04658
0.0081429
