-0.019942
0.0069645
0.12204
0.069741
0.016691
0.063899
0.18056
0.19142
-0.0462
0.047148
0.16851
0.1188
-0.014275
0.0080426
0.058173
0.042663
0.054079
-0.043057
0.16433
0.10792
0.0046851
-0.042171
0.20377
0.29381
-0.10311
0.0044897
0.29803
0.28913
-0.0072395
0.020215
0.089354
0.065931
-0.0010728
0.0086023
0.19503
0.14843
-0.02435
-0.0097453
0.22166
0.21421
-0.0026049
-0.076741
0.27095
0.26082
-0.0070025
-0.0078014
0.12427
0.063052
0.0028042
-0.0093435
0.1279
0.10005
0.0044522
0.0069313
0.15666
0.10918
-0.042998
0.045785
0.24463
0.14044
0.001737
0.0054103
0.10726
0.064411
