-0.011092
-0.0019216
0.067681
0.0062986
-0.001978
-0.0062358
0.22416
0.064233
-0.16395
-0.019851
0.26436
0.038723
-0.012167
-0.011038
0.055453
0.022342
-0.0044062
-0.0025947
0.078699
0.010808
0.0023836
0.016754
0.28567
0.092343
-0.28491
-0.010447
0.36432
0.044087
-0.018874
-0.0059508
0.06358
0.018589
0.022869
0.002161
0.066758
0.018595
0.0011095
0.01784
0.24236
0.084434
-0.3099
-0.0017806
0.40939
0.029544
-0.016088
-0.0044616
0.053968
0.01686
0.033968
-0.0063519
0.054028
0.016008
-0.00031789
0.014855
0.19698
0.04112
-0.20501
-0.0051162
0.30233
0.024694
-0.015447
-0.0036971
0.041753
0.013802
