-0.049951
0.047567
0.17365
0.077128
-0.067427
0.018265
0.14045
0.072745
-0.01869
0.030986
0.10152
0.072568
0.014446
-0.0029257
0.089522
0.046699
-0.013895
0.011833
0.21738
0.20223
-0.18522
0.15933
0.33847
0.22079
-0.020179
0.024917
0.17686
0.092653
-0.025139
0.0067446
0.1188
0.05767
0.0187
-0.041236
0.18056
0.21124
-0.13086
-0.015516
0.40631
0.3188
-0.087936
0.02307
0.17459
0.094906
-0.054025
0.017897
0.095703
0.040939
-0.0054891
0.010991
0.11774
0.07017
-0.021704
0.023055
0.17402
0.13562
-0.07431
0.011953
0.15088
0.068326
-0.020555
0.0050356
0.059382
0.024081
