-0.025196
0.0028294
0.071997
0.053674
0.040901
-0.038493
0.090806
0.078516
-0.00048319
-0.03159
0.0734
0.10028
-0.044704
0.0088929
0.069096
0.045443
-0.042441
0.19018
0.087502
0.22453
0.033053
0.33876
0.10476
0.41362
0.030922
0.3229
0.070217
0.43671
-0.016199
0.23436
0.086313
0.28284
0.0033436
0.091063
0.01307
0.091712
0.010708
0.14229
0.016434
0.14229
0.0090745
0.13215
0.014287
0.13215
0.0027382
0.078001
0.0099839
0.078001
0.0035534
0.013869
0.0048034
0.013869
0.0061232
0.027077
0.0081372
0.027077
0.0042675
0.033592
0.007413
0.033592
0.0025186
0.025624
0.0048126
0.025624
