-0.020176
-0.013177
0.15424
0.076573
-0.04962
-0.0056971
0.2224
0.08291
0.012238
-0.0062085
0.16631
0.076549
0.01816
-0.0023186
0.11316
0.062192
-0.0026365
-0.0020881
0.16614
0.17401
-0.10256
0.0044037
0.25491
0.17146
0.017988
-0.0075232
0.27614
0.12435
0.023917
-0.0066381
0.18438
0.064108
0.03151
-0.0056645
0.22292
0.17416
-0.10091
0.043027
0.41095
0.17912
-0.015133
0.0063245
0.25835
0.15861
0.055282
-0.020554
0.13104
0.067246
0.0087611
-0.014666
0.14131
0.07734
-0.016015
0.0064578
0.22636
0.11578
0.0056945
0.069192
0.15254
0.10938
0.035513
0.052076
0.11817
0.077622
