-0.014808
0.047142
0.13041
0.1192
-0.009196
0.03543
0.17699
0.096747
-0.018455
-0.0032544
0.17673
0.14394
0.0076083
0.0058427
0.12703
0.094187
0.020476
-0.0059749
0.2595
0.1177
-0.12049
0.027205
0.37171
0.16354
-0.021758
0.0039256
0.2398
0.21335
0.061951
-0.0037328
0.16789
0.09525
0.054273
-0.034971
0.19531
0.11434
-0.15089
0.044853
0.33369
0.15634
0.00065967
0.0064154
0.26565
0.14524
0.025362
-0.016368
0.15331
0.073396
-0.023294
-0.01354
0.11894
0.075584
-0.045974
-0.062574
0.16201
0.10736
0.00056817
-0.033731
0.13273
0.086188
0.0047318
0.0041868
0.09237
0.06214
