0.051121
-0.02929
0.17994
0.063038
-0.039783
0.015498
0.2032
0.083077
-0.01722
-0.00591
0.077031
0.038206
-0.00061818
-0.010743
0.02313
0.025433
0.0041694
-0.016859
0.21739
0.083841
0.099377
-0.042104
0.35671
0.14474
-0.1173
0.037205
0.25961
0.1001
0.0097086
-0.0033913
0.045154
0.03353
-0.041877
0.017198
0.16953
0.072631
0.19617
-0.068813
0.36177
0.14824
-0.11122
0.052949
0.37363
0.1481
-0.0083074
0.007299
0.088516
0.037167
-0.030756
0.0051154
0.10579
0.045664
0.06741
0.0002914
0.24835
0.11208
0.01025
0.014099
0.23069
0.099933
-0.036029
0.01983
0.11258
0.042391
