0.0065203
-0.0068982
0.089041
0.086029
-0.010472
0.024968
0.14541
0.15798
0.020475
-0.0068381
0.18754
0.098511
0.0024552
0.017645
0.14477
0.11126
-0.013834
0.025403
0.22209
0.12402
0.020097
0.013553
0.33832
0.23772
0.014039
0.0059696
0.30673
0.15287
0.03366
-0.022094
0.2663
0.12742
-0.052574
0.016255
0.24674
0.12605
0.01951
-0.01171
0.25384
0.15925
0.0054996
-0.0066391
0.24328
0.12424
-0.025574
0.014988
0.1975
0.089535
-0.041245
-0.021303
0.14769
0.081645
-0.025964
-0.0062778
0.15337
0.098893
0.0098017
-0.012541
0.20994
0.065557
-0.00091085
-0.016361
0.083928
0.043646
