-0.001542
0.003129
0.12721
0.074142
-0.0048718
0.017886
0.22212
0.12
-0.0034778
0.027942
0.21169
0.10783
0.018309
0.015444
0.089008
0.047365
-0.0072398
-0.0043521
0.21988
0.094494
-0.0095607
-0.0047892
0.30895
0.17362
-0.007202
-0.028282
0.34376
0.19224
0.03286
-0.014867
0.14466
0.076114
0.0033379
0.013424
0.16052
0.065574
-0.029504
0.0039193
0.33443
0.12123
-0.028825
0.0022058
0.31112
0.18135
0.039645
-0.0020593
0.15845
0.093929
0.0042988
-0.0076443
0.11363
0.047345
-0.041269
-0.0064077
0.23526
0.089448
0.0028784
-0.015355
0.22045
0.12254
0.016884
0.00034924
0.088739
0.05618
