-0.0055903
0.0038462
0.014188
0.013896
-0.0004731
-0.0024165
0.042681
0.029005
0.0051232
0.0064228
0.031226
0.032562
-0.012942
0.0009953
0.02133
0.043043
-0.006493
0.078988
0.032584
0.097855
-0.0087511
0.11116
0.059539
0.12571
-0.0071804
0.053791
0.036685
0.098337
-0.0059093
0.039141
0.019294
0.064675
0.0054383
0.25001
0.020647
0.25025
-0.021843
0.38349
0.029855
0.38687
-0.031301
0.39148
0.033416
0.39836
-0.025262
0.22984
0.047586
0.28594
0.0051274
0.0029352
0.037027
0.057199
-0.013077
0.035282
0.026191
0.056582
-0.020208
0.040305
0.033118
0.060609
-0.084386
-0.026028
0.11203
0.10575
