0.0039866
-0.005399
0.02839
0.066358
-0.0036073
-0.02814
0.041712
0.064186
0.0078304
-0.032821
0.045494
0.053309
0.001606
-0.0090046
0.039
0.033777
-0.0061098
0.0070606
0.03032
0.064944
-0.019374
0.027095
0.061955
0.13578
0.003902
-0.015106
0.077443
0.12535
0.015209
-0.032254
0.048665
0.087394
0.0010254
-0.017583
0.041633
0.057899
0.00408
-0.023852
0.071173
0.10992
-0.033987
0.0095559
0.086862
0.18653
0.02684
0.0072774
0.086522
0.13803
0.00037935
-0.22909
0.014039
0.24397
-0.0039911
-0.35638
0.027389
0.39223
0.0053785
-0.35969
0.031994
0.41833
-0.00041597
-0.22947
0.02128
0.26656
