0.0033923
0.003014
0.0050783
0.0054427
-0.011108
0.0015591
0.019808
0.010264
-0.25545
-0.054886
0.25956
0.062091
-0.03588
-0.0060881
0.054975
0.044579
0.0043494
0.0033491
0.011834
0.0090275
-0.086948
-0.0015188
0.098086
0.024227
-0.37343
-0.022789
0.38419
0.074844
-0.046711
-0.021085
0.07411
0.062997
0.0028365
0.0026317
0.019703
0.017448
-0.19075
-0.031576
0.20885
0.053042
-0.34423
-0.061469
0.36795
0.095882
-0.061867
-0.021889
0.07587
0.036537
0.0066655
-0.0096742
0.014203
0.021208
-0.19393
-0.031749
0.2026
0.037204
-0.18827
-0.030343
0.21226
0.033763
-0.034255
-0.0070431
0.041494
0.0087001
