0.048798
-0.0012138
0.05104
0.0036197
0.16435
0.01348
0.16876
0.018781
-0.05855
-0.0012816
0.23444
0.021127
-0.0046685
-0.003212
0.13659
0.012589
0.075611
0.0012609
0.079455
0.0055371
0.27396
0.016752
0.28095
0.023278
-0.129
-0.021663
0.34651
0.036743
-0.013811
-0.0088066
0.21155
0.019287
0.07482
-0.00085347
0.078566
0.0052611
0.27561
0.0061237
0.29048
0.028564
-0.16643
-0.037767
0.3506
0.048316
-0.0056474
-0.017202
0.20794
0.022705
0.048084
0.0055582
0.053657
0.0099069
0.1672
0.0077474
0.18254
0.02299
-0.11813
-0.018088
0.21265
0.026222
0.0030467
-0.013772
0.10491
0.021299
