-0.0002672
-0.0024142
0.0057227
0.007806
-0.24393
-0.022941
0.24611
0.063915
-0.086526
-0.012771
0.093871
0.029432
-0.00095337
-0.00021493
0.009706
0.014128
0.0015642
-0.0030494
0.008654
0.013687
-0.40777
-0.039585
0.41284
0.073039
-0.11529
-0.016252
0.15103
0.02628
0.00078972
-0.0052574
0.016248
0.0091952
-0.0091509
-0.01021
0.02497
0.021262
-0.40458
-0.09105
0.41568
0.094773
-0.071518
-0.014351
0.093683
0.019768
0.0030899
-0.00039543
0.013139
0.0048504
-0.070944
-0.043368
0.07456
0.049439
-0.19214
-0.089078
0.1941
0.090931
-0.015954
-0.0016847
0.017831
0.0066735
0.0069408
0.0053606
0.0092909
0.008589
