0.0016145
0.0091438
0.10489
0.13665
-0.0092917
0.024477
0.17484
0.22726
0.020106
0.04503
0.17401
0.23263
-0.01653
-0.0071306
0.074437
0.1179
-0.005015
-0.063177
0.080786
0.10422
0.062559
-0.034332
0.20885
0.27389
0.041137
-0.00047969
0.20201
0.25549
-0.011483
0.040829
0.13009
0.17848
-0.0079634
0.053988
0.07931
0.12279
0.057007
0.074352
0.15828
0.29224
-0.0036263
0.034707
0.14219
0.32984
0.053813
-0.017484
0.18423
0.17903
0.0016499
-0.025904
0.033826
0.099589
0.022287
-0.045105
0.068247
0.18412
-0.015708
-0.047283
0.083154
0.19244
0.077915
0.005028
0.14754
0.084501
