-0.0007111
-0.013638
0.091929
0.10733
0.027969
0.0062379
0.12039
0.15364
-0.039834
0.015436
0.11386
0.14149
0.076874
0.023511
0.16951
0.047376
0.040663
0.0086359
0.072808
0.12731
0.036019
-0.012786
0.088881
0.25369
0.00025574
-0.0057326
0.14014
0.25059
0.14595
0.021979
0.3172
0.098173
0.012719
-0.0029821
0.091935
0.16023
0.010713
-0.0086466
0.1616
0.27953
0.025754
-0.027043
0.2463
0.21273
0.20006
0.026199
0.35498
0.082798
0.0036484
-0.0020856
0.035762
0.078695
0.0046208
-0.014788
0.053549
0.11462
0.085172
0.019842
0.14765
0.097113
0.13963
0.023188
0.23095
0.039932
