0.0019427
-0.0013192
0.002998
0.0023653
0.080289
-0.0028013
0.081933
0.0078345
-0.0076309
0.013573
0.42899
0.031406
0.053824
0.0030662
0.15085
0.014321
0.0018757
-0.0012311
0.004402
0.0021324
0.096229
-0.011234
0.10253
0.013456
0.034671
-0.017497
0.60382
0.058876
0.055644
-0.0048407
0.24967
0.024555
-0.00030024
-0.00028979
0.0050305
0.00276
0.026935
-0.0097589
0.038167
0.010673
0.072115
-0.02125
0.39412
0.076129
0.046031
-0.00071806
0.22522
0.020498
-0.0014247
0.00061461
0.0034104
0.0020147
0.0023353
-0.0015935
0.0048331
0.0026375
0.070532
-0.0094919
0.26231
0.033024
0.014019
-0.0048396
0.14824
0.014268
