-0.0062117
0.00094571
0.015445
0.0080622
0.0035271
-0.00089667
0.0097671
0.0089199
0.00076185
0.010888
0.0094181
0.021067
-0.0036543
0.0053758
0.008361
0.013824
-0.034137
0.092097
0.072524
0.21653
0.021071
0.15468
0.069769
0.34392
0.054641
0.17216
0.1252
0.42201
-0.036435
0.11801
0.097633
0.2796
-0.013244
-0.01869
0.13351
0.1654
0.041966
-0.0046904
0.18484
0.32153
0.065639
-0.042782
0.21521
0.21549
-0.030298
-0.024146
0.14687
0.15205
0.012583
0.0036724
0.063368
0.10455
-0.0038401
0.021511
0.11957
0.19418
0.014968
0.011292
0.096437
0.18315
-0.0073197
-0.0042907
0.06068
0.1232
