0.00071798
0.010324
0.040019
0.083634
0.073056
0.017441
0.20765
0.083398
0.16721
0.03124
0.281
0.046343
0.028059
0.0036869
0.029224
0.0066054
-0.0081858
-0.020609
0.09065
0.14903
0.11523
-0.0013644
0.3205
0.11822
0.26275
0.03452
0.37892
0.058158
0.020846
0.0014913
0.022112
0.0072514
0.012981
-0.01282
0.11113
0.095359
0.1283
0.024895
0.32623
0.086868
0.24019
0.039192
0.30784
0.051772
0.0066445
-0.00093398
0.0086178
0.0044686
0.04202
0.014494
0.079616
0.062409
0.11241
0.019564
0.25982
0.050789
0.12615
0.020338
0.15073
0.027402
0.001648
-0.0024816
0.0023154
0.0030619
