-0.036448
0.064642
0.047526
0.066799
-0.010986
0.022129
0.012527
0.023089
0.0010013
0.0017577
0.0074204
0.0027392
0.0028718
0.0014135
0.0042283
0.0018571
-0.024048
0.18568
0.092339
0.21703
-0.10128
0.38135
0.12301
0.42349
-0.04866
0.39112
0.092123
0.42027
0.0045415
0.25476
0.019526
0.26124
0.00069385
-0.005494
0.035469
0.043137
-0.011361
0.015332
0.045583
0.071188
-0.026943
0.05132
0.13431
0.1229
0.0092889
0.036653
0.050167
0.08271
0.0023755
-0.0032685
0.01906
0.02377
-0.0062992
-0.014026
0.026302
0.038423
-0.018444
0.0016592
0.059795
0.051689
0.0082349
-0.0050257
0.051896
0.029112
