0.00042674
0.0043865
0.0042965
0.0047845
-0.0019239
0.0073578
0.0082429
0.0081168
-0.0039804
0.0069227
0.0071189
0.0071225
-0.0023365
0.0042137
0.0038837
0.0042506
0.014282
-0.15131
0.019946
0.16448
0.012687
-0.16783
0.024863
0.18655
0.0056549
-0.052188
0.019011
0.071253
-0.0035844
0.0051604
0.0071624
0.0079841
0.035579
-0.16128
0.088123
0.24173
0.0089495
-0.29844
0.11353
0.39544
0.23244
-0.23835
0.246
0.39375
0.066483
-0.010917
0.076163
0.054437
0.0064164
0.0036512
0.043511
0.034707
0.011009
-0.0072328
0.057185
0.042083
0.21339
-0.0073862
0.32188
0.14125
0.052924
0.0038844
0.067019
0.02189
