-0.019186
-0.038513
0.022839
0.052603
-0.0090554
-0.014084
0.013736
0.022905
-0.0055493
-0.0063753
0.010585
0.012909
0.02474
0.01056
0.031733
0.01662
-0.066714
0.25504
0.06811
0.26245
-0.02461
0.39657
0.052175
0.41389
-0.070964
0.33829
0.10906
0.35918
0.00698
0.12671
0.096885
0.2466
-0.012234
0.041218
0.01324
0.047713
-0.0098428
0.101
0.016851
0.10579
-0.056093
0.16622
0.065701
0.17705
-0.020684
0.16692
0.044457
0.21681
-0.0013139
-0.0015129
0.0021163
0.0033297
-0.0014748
-0.0028155
0.0041814
0.0050435
-0.001624
-0.0014295
0.0040757
0.0037777
0.0003063
0.00079956
0.0021141
0.0026253
