0.0046043
-0.017699
0.0080667
0.023833
0.0079794
0.00045756
0.0085569
0.0085714
0.0029813
0.0058538
0.0041533
0.0062013
-0.0028439
0.0030195
0.0062657
0.0045262
0.05329
-0.16758
0.098327
0.19579
0.019096
-0.2867
0.13563
0.3126
0.080558
-0.29749
0.12193
0.31137
-0.0080779
-0.11896
0.043887
0.12963
0.010576
0.0331
0.13073
0.11502
-0.11259
-0.028064
0.1975
0.18018
0.016642
-0.16897
0.22993
0.30222
0.092025
-0.15868
0.12996
0.17701
-0.0088669
6.9322e-05
0.095314
0.039999
-0.067324
-0.013166
0.14269
0.14984
-0.010737
0.041125
0.068644
0.17034
0.035209
0.024065
0.049113
0.10901
