-0.0043728
0.004547
0.036683
0.10127
0.013606
0.0024927
0.05198
0.20961
-0.021478
-0.0086587
0.053916
0.19436
-0.19385
-0.010935
0.19796
0.045267
-0.0012068
-0.037594
0.064063
0.1443
-0.015192
-0.079152
0.085008
0.26121
-0.047754
-0.081406
0.090531
0.24794
-0.26351
-0.022211
0.27355
0.077903
-0.0083656
-0.00015025
0.098733
0.1791
-0.012241
-0.001087
0.12302
0.31316
-0.056141
-0.0053894
0.13028
0.25188
-0.23694
-0.00027566
0.25044
0.075448
0.024811
-0.019449
0.048216
0.076759
-0.017178
-0.0068561
0.052012
0.11557
-0.020516
0.015588
0.080942
0.14315
-0.1667
0.011492
0.18947
0.055993
