-0.013403
0.076521
0.038056
0.153
0.011363
0.1345
0.036298
0.25081
0.0058376
0.11675
0.053332
0.24461
0.019102
0.044201
0.074094
0.13868
-0.0036561
-0.047177
0.10981
0.20423
0.0064039
-0.1127
0.10081
0.37652
-0.0091474
-0.08404
0.13062
0.31777
0.020756
6.3397e-05
0.13051
0.16067
0.0072772
-0.020431
0.14927
0.14396
0.0051225
-0.0019738
0.16794
0.23985
0.014271
-0.0085483
0.13285
0.26665
0.04825
0.042101
0.19806
0.11153
0.0097412
0.024771
0.12462
0.090787
-0.020806
0.038909
0.16362
0.14815
-0.01633
-0.020863
0.081934
0.092362
0.061334
0.011057
0.15293
0.041531
