-0.00028112
-0.0044557
0.041206
0.10811
-0.010998
-0.0052061
0.092341
0.16215
0.014763
-0.011132
0.0767
0.11595
0.0010572
-0.0098084
0.039795
0.060432
0.022353
0.014977
0.060166
0.15086
-0.089193
-0.054799
0.18837
0.35879
0.07729
-0.072382
0.16798
0.33671
-0.0025308
0.00022205
0.062683
0.13607
-0.043341
-0.039848
0.11724
0.1969
-0.02006
0.058948
0.19899
0.37121
0.033249
0.071729
0.17099
0.35585
0.0026078
-0.029409
0.083169
0.17633
-0.016643
0.0097339
0.060387
0.13187
0.020398
-0.00044514
0.081908
0.1974
0.00059169
-0.02301
0.076092
0.14677
0.014403
0.014821
0.058201
0.10807
