0.028892
-0.029421
0.059018
0.086186
-0.0030021
-0.057096
0.054756
0.12561
-0.014243
-0.02457
0.083423
0.15788
-0.18573
-0.0080368
0.21717
0.076789
-0.00044159
0.021264
0.099522
0.13595
0.031407
0.028093
0.13974
0.17569
-0.067375
-0.007632
0.17292
0.18964
-0.24602
-0.034868
0.27173
0.10335
-0.0040046
0.0080761
0.098682
0.15113
-0.028802
0.021346
0.17402
0.20872
-0.028972
0.01844
0.15389
0.1917
-0.26699
0.044261
0.30833
0.11468
-0.071523
-0.0086817
0.10348
0.097246
0.017785
-0.096136
0.11179
0.15899
0.0043266
-0.051988
0.10374
0.14841
-0.173
-0.025096
0.23173
0.063102
