-0.0022471
0.00040782
0.0040035
0.0042927
-0.1358
-0.0074657
0.13729
0.061639
-0.20114
-0.024024
0.20581
0.13059
-0.063317
-0.014393
0.073041
0.065712
-0.0033322
0.00035668
0.0052875
0.0048193
-0.23461
-0.037925
0.23604
0.072188
-0.31759
-0.055736
0.32918
0.1054
-0.093723
-0.022508
0.099797
0.039659
-0.0034063
-0.001962
0.0055715
0.0054428
-0.25363
0.03444
0.25507
0.065282
-0.31504
0.058088
0.31649
0.10699
-0.080244
0.025387
0.083506
0.039192
-0.0023094
-0.0011627
0.0038463
0.0034473
-0.11615
0.024424
0.11957
0.036852
-0.18357
0.033191
0.1849
0.049899
-0.089222
0.0099819
0.091241
0.019654
