-0.0023596
0.00045826
0.031233
0.026987
0.14326
-0.0060122
0.15833
0.072482
0.15503
-0.0082262
0.20247
0.04544
-0.02285
-0.0012317
0.037034
0.013448
-0.0098368
0.0017892
0.055888
0.02335
0.102
-0.064086
0.21263
0.12183
0.33678
-0.070412
0.41327
0.10078
-0.036708
0.0062513
0.048436
0.020596
-0.0026557
0.015335
0.043545
0.027479
0.12349
0.087814
0.22194
0.14209
0.3119
0.0851
0.38395
0.14746
-0.035145
-0.00095439
0.043057
0.021997
0.003583
0.012438
0.023146
0.01659
0.15157
0.031042
0.17092
0.078634
0.14003
0.029992
0.18832
0.078378
-0.023972
0.0023238
0.025301
0.01195
