0.038855
-0.00191
0.050719
0.018602
0.082161
-0.022556
0.30159
0.0753
0.13222
-0.010147
0.17903
0.022522
-0.00023653
0.001424
0.01546
0.0094475
0.04139
0.0005225
0.062702
0.0089961
0.088711
-0.014369
0.48757
0.049955
0.23537
-0.020967
0.30993
0.030376
-0.0016248
-0.0042269
0.017016
0.0094762
0.03525
0.0020894
0.050823
0.010466
0.062375
-0.021791
0.37451
0.042107
0.25564
-0.020617
0.3193
0.027065
0.0086372
-0.00020495
0.021526
0.0079255
0.012255
0.0038645
0.025321
0.0077992
0.03043
-0.023264
0.15416
0.033214
0.1841
-0.015625
0.22859
0.020652
0.012554
0.0012461
0.018415
0.0073752
