0.017098
0.015748
0.0819
0.077024
0.0061335
0.047088
0.16487
0.17271
-0.018322
0.065712
0.123
0.17489
0.0018604
0.046178
0.065631
0.10852
0.064713
-0.016344
0.14992
0.095442
0.004598
-0.037855
0.39556
0.2382
-0.022581
-0.073904
0.3877
0.2699
0.0021145
-0.040355
0.24155
0.18764
0.0044444
0.028128
0.14803
0.16375
-0.020071
0.030096
0.16204
0.19286
-0.040469
0.020103
0.13417
0.21849
-0.0072086
-0.04782
0.070378
0.094342
-0.0051592
-0.024208
0.072568
0.1
0.019952
-0.037897
0.087593
0.15857
-0.027469
-0.044859
0.12349
0.12401
-0.0094437
-0.0021784
0.030321
0.02709
