-0.026997
-0.008184
0.08002
0.099309
0.04112
0.065483
0.11085
0.11694
0.051236
0.031687
0.21393
0.059724
0.083432
0.012044
0.17205
0.023253
0.013371
-0.0054677
0.11475
0.16691
0.035474
-0.023594
0.15529
0.21961
0.035792
-0.0045775
0.3654
0.091291
0.1416
0.021349
0.25848
0.031589
0.029756
-0.0004293
0.13357
0.18503
0.038962
-0.026539
0.16076
0.3042
0.069957
0.0080602
0.32564
0.077046
0.13378
0.021975
0.21112
0.032305
-0.009038
-0.01296
0.11711
0.081774
0.076385
0.00064787
0.15547
0.13409
0.042051
-0.0041569
0.25277
0.05651
0.086691
0.01029
0.11763
0.021569
