0.0029922
-0.0060752
0.045928
0.11532
0.015607
0.00019295
0.069707
0.19573
-0.009535
-0.021461
0.068184
0.15697
-0.024329
-0.013983
0.045446
0.083826
0.014374
0.00402
0.070914
0.14453
-0.020691
-0.057904
0.10111
0.27173
-0.0056122
-0.073255
0.11682
0.29149
-0.03513
-0.035882
0.093452
0.19757
0.0059821
-0.028386
0.090372
0.18231
-0.044124
0.026714
0.12976
0.30774
-0.07268
-0.023178
0.15699
0.44729
0.013853
-0.015187
0.11328
0.26875
0.01391
0.0090773
0.061334
0.11546
0.0018473
0.051781
0.082172
0.16031
-0.1029
0.05414
0.12392
0.22329
0.002514
-0.026911
0.09261
0.14186
