-0.021028
-0.010528
0.084189
0.11422
0.00016569
-0.0055358
0.094969
0.1861
-0.033003
0.027442
0.077888
0.12249
-0.0018882
0.031321
0.024949
0.047932
0.0017871
-0.025483
0.15728
0.14344
0.009858
-0.033732
0.33144
0.25296
-0.00072497
-0.013077
0.31195
0.24958
-0.0030189
0.018035
0.23873
0.18495
-0.034817
0.034118
0.1016
0.15086
0.01301
-0.029632
0.10325
0.23581
0.0002778
-0.041509
0.11398
0.28554
0.0013044
-0.037346
0.089626
0.19354
-0.027472
0.053767
0.055571
0.099142
-0.019232
0.11436
0.062678
0.21585
-0.020364
0.11976
0.058562
0.25003
-0.010764
0.070527
0.056865
0.14496
