-0.12212
0.070384
0.12398
0.076649
-0.088799
0.077116
0.091352
0.083956
-0.0028418
0.00060116
0.007932
0.011847
0.0012454
-0.0099925
0.0057054
0.016438
-0.035218
0.031545
0.054169
0.042876
-0.13866
0.31806
0.21374
0.3391
-0.13163
0.43215
0.14871
0.43925
-0.029502
0.22877
0.03525
0.23499
-0.0038799
0.0011336
0.019304
0.010359
0.079836
0.018132
0.10508
0.053494
-0.027065
0.12537
0.076324
0.13577
-0.023608
0.13402
0.024695
0.13677
-0.0032351
-0.00010277
0.01057
0.0040344
0.052483
-0.011965
0.079436
0.024696
0.013573
-0.0033548
0.046234
0.0111
-0.0068747
-0.00062836
0.0075969
0.002254
