0.0035561
-0.00053253
0.040444
0.033516
0.0086617
0.010312
0.070788
0.060662
-0.0071197
0.0036352
0.080885
0.090156
0.0013391
2.852e-05
0.045256
0.043513
0.021671
-0.033949
0.082651
0.19392
0.022768
-0.072998
0.11819
0.24539
0.017783
-0.068856
0.11137
0.18857
0.0085497
-0.0086269
0.071101
0.080736
-0.0022081
0.03999
0.082759
0.13749
-0.0076929
0.048821
0.15001
0.29528
0.024894
0.04457
0.127
0.27982
-0.0035232
0.013092
0.081237
0.21436
0.00041717
-0.17386
0.03499
0.18736
0.006519
-0.26924
0.049775
0.31074
0.0027252
-0.27901
0.043258
0.30923
-0.0064629
-0.174
0.036526
0.21087
