-0.0067435
-0.0027871
0.03503
0.043097
0.0058454
-0.00051641
0.081853
0.059054
0.011025
0.0055084
0.078507
0.063163
-0.0052343
-0.0066242
0.042166
0.038397
0.0098483
-0.054868
0.068822
0.10035
0.013148
-0.041779
0.10493
0.10693
0.011137
-0.030026
0.11505
0.10707
-0.028233
-0.024918
0.11932
0.077224
-0.008284
-0.076863
0.073166
0.28549
-0.0091577
-0.14461
0.11321
0.49041
0.0059941
-0.17317
0.12472
0.46816
-0.00012511
-0.13239
0.13207
0.23595
3.232e-05
-0.10217
0.010992
0.11119
-0.0015589
-0.14453
0.020954
0.18369
-0.0058862
-0.14359
0.015576
0.20562
-0.0018714
-0.078635
0.023559
0.11373
