-0.0072165
0.0022539
0.079712
0.041782
0.1029
0.096696
0.19415
0.13532
0.06079
0.027027
0.194
0.17143
-0.0029611
-0.013276
0.12171
0.10513
0.09698
0.064338
0.15335
0.10633
0.10351
0.050579
0.3099
0.2654
-0.0051649
-0.026179
0.29572
0.27183
0.087052
0.06615
0.14431
0.11405
0.065232
0.054293
0.17858
0.18562
0.010159
-0.022526
0.25796
0.25988
0.13365
0.10661
0.20294
0.17875
0.022071
0.0078295
0.055454
0.018996
0.0058722
-0.0043397
0.10593
0.10045
0.086701
0.074736
0.1326
0.11421
0.019884
0.009209
0.037222
0.019343
0.0040753
-0.0028094
0.021621
0.0052011
