0.002032
-0.015036
0.026758
0.084672
0.0067991
-0.036727
0.051035
0.12671
0.012893
-0.029747
0.045809
0.09784
-0.1902
-0.0081786
0.21098
0.04807
0.007499
-0.046358
0.050796
0.15533
0.013944
-0.03934
0.079579
0.20758
0.01074
-0.0065877
0.075508
0.14541
-0.28996
-0.0056326
0.31959
0.058077
-0.019173
0.014383
0.082701
0.18459
0.005237
-0.074411
0.11634
0.32023
0.099803
-0.047957
0.13295
0.222
-0.28094
0.00022975
0.30993
0.092941
-0.017804
0.01441
0.044692
0.10116
0.0092567
0.054607
0.075277
0.16352
0.04153
0.034204
0.056929
0.14363
-0.18288
-0.00012425
0.20494
0.054097
