0.0095285
-0.059913
0.062474
0.15756
-0.010594
-0.0326
0.11994
0.27889
-0.033436
0.037623
0.12668
0.22732
-0.019631
0.014405
0.10754
0.17723
-0.0076255
-0.012882
0.12397
0.24886
0.023974
-0.05899
0.16329
0.32971
-0.042837
-0.048622
0.20181
0.27632
0.0070536
-0.0032427
0.16769
0.20625
-0.00045382
0.029452
0.090943
0.19069
-0.025275
0.032638
0.17297
0.24522
0.0076406
0.019668
0.14948
0.28026
-0.0018094
0.022442
0.10095
0.17659
0.003157
0.020256
0.035904
0.044443
-0.021264
0.048622
0.061706
0.10304
-0.0039169
0.056773
0.091291
0.1616
-0.012043
0.023393
0.048392
0.096723
