-0.0078342
0.08289
0.022852
0.12274
-0.02416
0.10103
0.0367
0.16452
-0.016803
0.089965
0.043528
0.13943
0.029153
0.054021
0.04841
0.091207
0.0034566
0.0051913
0.038272
0.30102
-0.033781
0.040461
0.058826
0.45809
-0.011233
0.043485
0.051822
0.3865
-0.0011407
0.030188
0.046327
0.2058
0.023154
-0.053223
0.037534
0.19362
-0.0084048
-0.070183
0.035505
0.29956
-0.0039213
-0.055616
0.041779
0.3898
0.0088288
-0.035088
0.039102
0.21616
0.001761
0.011373
0.018587
0.096527
0.00077748
0.00036483
0.017558
0.13385
-0.00065447
0.008629
0.027496
0.093801
-0.0001736
-0.0041194
0.016851
0.062156
