-0.010296
-0.0027964
0.055091
0.091285
-0.0086685
0.032941
0.053297
0.07979
-0.0047435
0.045071
0.032605
0.069741
0.035189
-0.0041609
0.068337
0.070675
0.0054065
0.0011219
0.23332
0.14201
-0.0038289
0.045245
0.46205
0.19928
0.017519
0.092991
0.39218
0.23514
0.0099166
0.077701
0.2585
0.16041
0.0013901
-0.019039
0.074584
0.14793
0.0053276
-0.056336
0.18314
0.20811
0.023022
-0.074339
0.16618
0.24712
0.013246
-0.056402
0.13577
0.18915
-0.0026605
0.015638
0.034834
0.088864
-8.5764e-05
-0.00932
0.053927
0.13208
-0.00258
-0.014381
0.060871
0.10547
0.014228
-0.0065221
0.03475
0.07838
