0.08346
-0.043224
0.085789
0.06112
0.011895
0.01357
0.022648
0.051483
-0.020092
0.013657
0.028538
0.040893
0.0025568
-0.00057842
0.018904
0.021347
0.15895
-0.1674
0.20312
0.20003
0.15365
-0.22536
0.1618
0.26769
0.010864
-0.025631
0.0842
0.10521
0.0090888
0.033997
0.027054
0.046752
0.010109
-0.026209
0.048231
0.047957
0.13309
-0.24158
0.15618
0.26924
0.2118
-0.3442
0.22834
0.36455
0.075494
-0.13211
0.082279
0.18661
-0.0062226
-0.0083727
0.014782
0.033288
0.00024487
-0.0061785
0.017105
0.027711
0.039795
-0.064217
0.052569
0.075605
0.089602
-0.069247
0.10346
0.10522
