0.0010338
0.00073422
0.039382
0.066018
0.0073695
0.0099019
0.077702
0.10669
-0.22382
-0.027858
0.27451
0.061108
-0.027767
-0.0058249
0.03572
0.0064876
0.00081904
0.0013704
0.043985
0.15041
0.020524
0.0083863
0.08306
0.16457
-0.35888
-0.04819
0.40842
0.083328
-0.022018
-0.0060599
0.034375
0.0074636
0.0048969
-0.0064242
0.057241
0.10643
-0.0082285
-0.021052
0.121
0.17861
-0.34259
-0.049267
0.38566
0.072507
-0.0056468
-0.0058677
0.020935
0.0068629
0.0004208
-0.0041061
0.059155
0.089166
-0.064005
-0.015377
0.17161
0.10454
-0.19258
-0.030221
0.21664
0.038132
-0.0013011
-0.0031743
0.011121
0.0038132
