-0.076808
0.093413
0.11575
0.1045
-0.18128
0.19894
0.24537
0.21713
0.056839
0.03815
0.078153
0.055679
0.040032
0.01888
0.043645
0.032293
0.014052
0.011494
0.031052
0.020545
-0.21801
0.2585
0.25681
0.27
-0.13938
0.32155
0.28727
0.33265
0.060031
0.077032
0.076596
0.086366
0.01678
0.0063702
0.024913
0.016176
0.0035602
0.016172
0.036269
0.02944
-0.083227
0.17719
0.13913
0.18599
-0.031016
0.17265
0.073117
0.18274
0.0091654
0.00034159
0.016554
0.011918
0.009469
0.0044938
0.018866
0.019075
0.012376
0.0099791
0.017408
0.016124
0.0051654
0.018341
0.013063
0.023454
