-0.017142
-0.0034279
0.019259
0.0048529
-0.17905
-0.028437
0.17908
0.028552
0.011868
0.0056927
0.21749
0.036239
0.094997
0.022822
0.12279
0.03651
-0.040385
-0.0040288
0.042893
0.0087212
-0.31231
-0.046413
0.31469
0.048381
0.13233
0.007651
0.35261
0.042617
0.12535
0.0041652
0.14793
0.042783
-0.064197
-0.011078
0.065249
0.014035
-0.29111
-0.044781
0.30572
0.051774
0.17727
-0.030771
0.3014
0.068422
0.1122
-0.0073127
0.12374
0.022191
-0.062238
-0.0099966
0.062699
0.012184
-0.1616
-0.023197
0.16674
0.026068
0.13374
0.015354
0.17496
0.027855
0.058874
0.0050066
0.08216
0.011836
