0.10802
-0.012198
0.11573
0.039203
0.19403
-0.028868
0.20051
0.056319
-0.0071955
0.0030376
0.0072352
0.0057108
-0.0069511
0.0024162
0.0069556
0.0036211
0.063151
-0.011393
0.073909
0.02246
0.3897
-0.092093
0.39958
0.098384
-0.0033529
-0.0089752
0.023381
0.011628
-0.0078539
-0.0033309
0.0080616
0.0047945
0.019312
0.0021195
0.044944
0.011329
0.42285
-0.08423
0.43999
0.0879
0.043543
-0.020184
0.072533
0.023512
-0.0082117
-0.0088
0.0095405
0.010055
0.0077997
0.0099388
0.044003
0.02522
0.24033
-0.067824
0.25334
0.077755
0.065955
-0.051792
0.082874
0.052264
-0.0066056
-0.0097546
0.0066994
0.0099316
