0.0034247
0.02139
0.041083
0.085193
-0.014933
0.017726
0.069227
0.090112
-0.0054215
0.02402
0.088393
0.12155
-0.0095543
0.0046979
0.070196
0.14071
0.012413
-0.10684
0.079524
0.19924
-0.0020832
-0.097224
0.096301
0.24044
0.0011661
-0.046597
0.11209
0.19877
0.0015593
0.012483
0.094261
0.18201
-0.029907
0.015258
0.092761
0.27171
0.029104
-0.034997
0.11314
0.38923
0.028303
-0.054712
0.12141
0.40796
0.0019097
-0.067276
0.07717
0.261
-0.0018243
-0.010881
0.055471
0.1332
0.014599
-0.020631
0.069504
0.23583
0.0036427
-0.028539
0.072778
0.26305
-0.03376
-0.012151
0.054674
0.15305
