-0.0096773
0.027716
0.040132
0.064915
0.091625
0.017514
0.19358
0.038777
-0.10386
-0.0033511
0.20168
0.0067196
0.013484
-0.00060656
0.014853
0.0033924
-0.020791
-0.02471
0.085612
0.12607
0.14195
-0.019035
0.35763
0.064369
-0.15864
-0.0075533
0.30582
0.013703
0.011854
-0.0069263
0.026292
0.01191
-0.023962
-0.010024
0.10092
0.10664
0.13214
0.0042784
0.46119
0.047494
-0.14643
-0.01136
0.34973
0.022728
0.0019082
-0.00080747
0.032295
0.0064812
-0.0028109
0.0018331
0.04296
0.060473
0.075609
0.0005427
0.34642
0.026619
-0.093134
-0.0015279
0.23563
0.0099251
0.0050974
0.00099894
0.022015
0.0044131
