-0.0020739
-0.013087
0.032623
0.023704
-0.0060527
-0.0066171
0.030616
0.040395
0.0030279
-0.0095053
0.020703
0.037042
-0.0044089
-0.00062261
0.031004
0.037655
-0.012296
-0.059012
0.10402
0.12891
0.035052
-0.086279
0.18877
0.19367
-0.014125
-0.020775
0.049456
0.074669
0.018643
-0.009095
0.040052
0.045536
0.047936
-0.22529
0.12729
0.26043
0.12614
-0.32952
0.25776
0.39512
0.061097
-0.26604
0.16371
0.34899
0.052021
-0.087176
0.10911
0.13459
0.0043223
-0.011252
0.015222
0.018088
0.015273
-0.068195
0.031875
0.077798
0.045733
-0.14285
0.071486
0.15609
0.06018
-0.13636
0.082799
0.156
