0.0032345
0.042293
0.039334
0.11257
0.0086713
0.055502
0.058215
0.15206
0.0083612
0.045892
0.048689
0.16515
0.010791
0.022163
0.036111
0.079467
0.024499
-0.041142
0.067773
0.14872
0.0049184
0.021471
0.082517
0.16312
0.00024317
0.017448
0.081972
0.1541
-0.0012641
0.015516
0.044742
0.07395
-0.0025207
0.016973
0.067241
0.30819
0.041186
0.0067849
0.09946
0.51086
0.019371
-0.002344
0.087577
0.52375
-0.0073583
-0.013272
0.056619
0.28107
0.0058985
0.0041283
0.054764
0.080988
0.015107
0.030562
0.057864
0.106
-0.0047744
0.0072078
0.089509
0.1687
0.0079532
0.019466
0.040495
0.1081
