-0.00020818
-0.07222
0.12376
0.12684
0.087674
-0.11916
0.14203
0.16845
-0.0073199
-0.002051
0.045652
0.075396
0.012063
-0.0019582
0.027617
0.053191
0.044285
-0.15045
0.10781
0.1665
0.1102
-0.30616
0.18745
0.35852
0.095881
-0.36574
0.18627
0.39218
0.027554
-0.12546
0.1322
0.20924
0.0015633
-0.013594
0.01802
0.023275
0.0044269
-0.062587
0.020097
0.075475
0.059688
-0.1335
0.077996
0.14353
0.066641
-0.15583
0.10627
0.19709
-0.0039123
0.0082606
0.0072898
0.010076
-0.0022174
0.0070888
0.0056774
0.009856
-0.0016626
0.0038621
0.0055659
0.0060493
0.0022436
-0.0037793
0.0056188
0.0096801
