-0.17986
-0.0084828
0.18838
0.025652
-0.056372
-0.016955
0.12997
0.13343
-0.0089008
-0.025221
0.085956
0.13046
-0.021059
-0.0081564
0.055324
0.078178
-0.28724
-0.0041169
0.29791
0.034929
-0.09649
-0.0023757
0.22364
0.14649
-0.0030806
0.038007
0.18352
0.20929
-0.021027
0.035621
0.095919
0.12097
-0.29592
-0.00038143
0.30379
0.028633
-0.088379
-0.027662
0.20116
0.13629
0.0058827
-0.04636
0.18519
0.2101
-0.0037378
-0.026283
0.10441
0.13306
-0.16003
0.00085991
0.1774
0.040151
-0.083005
0.077016
0.12292
0.13877
-0.010246
0.057396
0.049991
0.14712
-0.0026354
0.0077382
0.027521
0.090721
