0.00033491
-8.2252e-05
0.0077434
0.0042001
0.0043522
-0.0026838
0.011481
0.010568
0.015885
-0.0022477
0.041101
0.02143
-0.0093258
0.0045471
0.035015
0.026656
-0.030177
0.090748
0.042924
0.09775
-0.0065325
0.041571
0.017362
0.047607
0.015027
0.027131
0.062898
0.052031
-0.0062984
0.036593
0.060355
0.073551
0.00024657
0.029725
0.096217
0.27951
-0.0030336
0.12225
0.038727
0.53516
0.01314
0.12256
0.034744
0.53805
0.0021011
0.05465
0.036928
0.32716
-0.0014402
-0.032899
0.089373
0.095951
0.0013961
-0.083698
0.096878
0.18743
-0.0045477
-0.09151
0.10905
0.17967
-0.012597
-0.057536
0.074871
0.11144
