0.004045
0.0011361
0.02608
0.0057703
0.12037
-0.015171
0.3331
0.032955
0.16355
-0.017149
0.23509
0.023949
0.0025598
-0.00041875
0.017856
0.0088047
0.013026
0.0061876
0.032482
0.011343
0.11519
-0.032827
0.30379
0.054498
0.29523
-0.029702
0.37197
0.03646
0.0047371
0.0023933
0.030947
0.0141
0.027212
0.021615
0.093502
0.024949
0.048301
-0.002436
0.17415
0.033746
0.33773
-0.019363
0.36569
0.033249
0.012715
0.0007043
0.021429
0.0099814
0.02137
-0.0061267
0.099113
0.019978
0.016491
0.0016806
0.14843
0.019969
0.22254
-0.00026938
0.26663
0.019548
0.014221
0.0020939
0.016785
0.0052834
