0.00597
-0.030244
0.043718
0.20863
0.0012568
-0.07832
0.061263
0.20938
0.043073
-0.070871
0.08026
0.17569
-0.0018962
-0.014621
0.035235
0.060342
-0.014119
0.045256
0.07426
0.19709
-0.035841
0.10548
0.11874
0.41434
-0.010755
0.043209
0.15334
0.51345
0.0051082
-0.034132
0.066703
0.26507
-0.011219
0.0049488
0.066395
0.11219
-0.019124
0.0027898
0.095043
0.16384
-0.04589
0.020483
0.12363
0.26032
0.0053686
0.014737
0.068165
0.16813
0.003121
-0.046319
0.047683
0.076497
0.00071992
-0.039509
0.082471
0.1478
0.00075441
0.0063168
0.088588
0.11634
-0.011399
0.0094073
0.047849
0.064962
