-0.011433
0.0075073
0.043689
0.12889
0.012171
0.017311
0.068574
0.20163
-0.0044773
0.0055412
0.063513
0.1329
0.0042465
-0.015246
0.036125
0.093944
-0.0059497
-0.023291
0.087284
0.18422
-0.019772
-0.10488
0.14261
0.27716
0.013105
-0.11129
0.12006
0.26017
-0.032591
-0.062874
0.098026
0.21118
-0.0035152
-0.01012
0.10054
0.21139
0.031362
0.10291
0.16274
0.32954
-0.069258
0.025708
0.21879
0.32994
0.011412
0.015238
0.11142
0.20772
0.024672
0.021022
0.059953
0.13119
-0.011029
-0.023087
0.068819
0.21465
-0.053859
-0.023259
0.13872
0.21729
-0.0036316
-0.017747
0.095171
0.16287
