-0.0016226
0.0032189
0.0027371
0.0038735
-0.16852
-0.024268
0.16876
0.028629
-0.12995
-0.019629
0.15768
0.022708
0.072051
0.01197
0.085578
0.016597
-0.004331
0.0027976
0.00492
0.0044379
-0.32936
-0.061526
0.32954
0.064464
-0.13218
-0.023243
0.18762
0.035122
0.14931
0.04105
0.20696
0.05576
-0.034799
-0.0086826
0.035085
0.014197
-0.35591
-0.093469
0.35678
0.094837
-0.053335
-0.016319
0.12611
0.030765
0.17353
0.016691
0.24873
0.052513
-0.072208
-0.029362
0.072411
0.031338
-0.19271
-0.070562
0.19628
0.074028
0.031088
0.018495
0.081262
0.056845
0.066811
0.019387
0.16295
0.079287
