0.0069338
-0.0077811
0.0099971
0.011797
0.0069879
-0.01119
0.011653
0.015256
0.01186
-0.0066641
0.013869
0.012869
0.0046022
-0.0020038
0.018023
0.0079165
0.032478
-0.10972
0.034069
0.11289
0.031717
-0.093432
0.039846
0.0975
0.016826
-0.028567
0.02123
0.032332
0.010127
-0.015083
0.013252
0.017815
-0.019498
0.12728
0.078803
0.30075
-0.009208
0.064564
0.12657
0.4898
0.015087
-0.088607
0.10306
0.39789
0.039535
-0.14848
0.047616
0.17001
-0.0064936
0.056864
0.030381
0.062411
-0.016293
0.13858
0.13821
0.23751
-0.022841
0.17585
0.14305
0.33042
-0.04765
0.15324
0.067385
0.21734
