-0.021562
0.01169
0.050745
0.094059
0.027793
0.017653
0.081161
0.12427
0.050956
0.0039727
0.10621
0.23789
0.0089837
-0.010981
0.078522
0.13545
0.0014121
-0.010456
0.099061
0.17275
0.020991
0.0021888
0.17207
0.32955
0.039822
-0.01531
0.16198
0.42705
-0.022312
-0.02337
0.16047
0.20798
-0.016967
0.070717
0.040856
0.21859
-0.0073496
0.043541
0.093009
0.31131
0.036795
-0.041143
0.10488
0.25122
0.0055613
0.0019985
0.10287
0.1503
-0.00014243
0.039222
0.028731
0.079689
-0.083529
0.060768
0.12836
0.17205
0.014516
0.030633
0.13632
0.14805
0.010596
0.04909
0.067586
0.15475
