0.0013716
-0.02009
0.094965
0.092223
-0.0042574
0.0036714
0.077876
0.09332
0.10706
-0.012623
0.24468
0.027676
-0.097527
0.0047812
0.13896
0.010591
0.014361
-0.011448
0.09998
0.13655
-0.031704
-0.01716
0.1903
0.17757
0.17968
-0.020351
0.41041
0.042089
-0.15074
0.010205
0.24298
0.01857
0.046705
0.0027959
0.074041
0.097593
-0.048434
0.00042886
0.16071
0.13126
0.19488
-0.023014
0.35429
0.03307
-0.14419
0.0079908
0.25674
0.018177
0.012201
0.0088316
0.066719
0.090021
-0.032705
0.013553
0.11239
0.15364
0.10967
-0.0053916
0.24969
0.035995
-0.085906
0.0041816
0.18603
0.010736
