0.0076485
-0.016711
0.036723
0.069814
0.0021406
-0.0016201
0.070864
0.2095
0.016094
0.0050825
0.10977
0.32525
0.0014618
0.020629
0.069278
0.1764
0.0041617
0.016299
0.096553
0.1698
-0.012044
0.057851
0.11692
0.21558
0.019491
0.035617
0.11144
0.21834
-0.007622
0.022453
0.12015
0.18328
0.016068
-0.035315
0.079004
0.2203
0.01607
-0.0018569
0.11896
0.39392
0.030452
0.031598
0.1329
0.405
0.010914
0.0023559
0.12691
0.27414
0.0042309
-0.016036
0.034962
0.04081
0.02671
-0.045169
0.059553
0.10234
0.0039838
-0.062937
0.061991
0.15607
0.016421
-0.038061
0.048625
0.14352
