-0.00037477
0.0022176
0.015677
0.013216
-0.002319
0.0024675
0.015412
0.018512
-0.0043533
-0.001347
0.024783
0.021086
0.0015873
0.00097813
0.013616
0.010763
0.0059849
-0.093887
0.041769
0.11234
0.01552
-0.093117
0.039983
0.12055
-0.0053682
-0.0007652
0.051702
0.049884
-0.0004572
0.0051577
0.0192
0.025661
-0.043366
-0.02165
0.073577
0.21223
0.005502
-0.077786
0.10206
0.55078
0.016471
-0.15539
0.10317
0.59529
0.024436
-0.13494
0.067181
0.36204
-0.0045467
0.011014
0.0089291
0.014514
-0.010023
0.039731
0.018444
0.047715
-0.011286
0.054334
0.02118
0.089488
-0.010717
0.035364
0.025065
0.091467
