0.00021445
-0.00049976
0.0063006
0.0037846
-0.18439
0.014352
0.18862
0.030862
-0.18484
0.0051858
0.18526
0.040205
-0.0039493
-0.0074248
0.0044675
0.0085287
0.00078814
-0.0033045
0.01352
0.0080952
-0.18488
0.023685
0.19515
0.033046
-0.36277
0.051179
0.36404
0.054002
-0.0055931
-2.8721e-05
0.0062085
0.0031457
-0.00079039
5.9667e-05
0.024357
0.0080657
-0.074776
0.0086786
0.098669
0.019
-0.41353
0.019004
0.41817
0.034774
-0.0063388
0.00032655
0.0069371
0.0035382
-0.00071873
0.0019411
0.011446
0.005035
-0.042376
0.002738
0.053506
0.0099302
-0.2691
0.0039236
0.27037
0.02301
-0.0036357
-0.00011194
0.0040171
0.002391
