0.024875
0.025154
0.08685
0.06699
0.020874
0.050526
0.13414
0.11896
0.0079232
0.041397
0.14423
0.12755
-0.00018237
0.023972
0.07031
0.098858
0.035957
-0.017689
0.10672
0.12394
0.027892
-0.081399
0.18684
0.22142
-0.0057549
-0.10665
0.16969
0.20754
0.028583
-0.062191
0.09116
0.15369
-0.0019289
0.056396
0.21941
0.17016
0.039374
0.083172
0.30959
0.30566
-0.035752
0.086187
0.30102
0.26744
-0.030116
0.033866
0.16758
0.13633
0.0068962
-0.042984
0.073682
0.11599
0.017833
-0.071496
0.11584
0.18888
0.012543
-0.05647
0.16596
0.18469
-0.032651
-0.021249
0.10777
0.082707
