0.0040485
0.0018173
0.026109
0.086809
-0.023513
0.04202
0.057585
0.16525
-0.017909
0.07227
0.04874
0.16902
0.0071274
0.072654
0.061754
0.11969
0.015018
0.0074395
0.066914
0.13698
0.0044551
-0.0066524
0.081347
0.27243
0.026328
0.0053383
0.070979
0.33277
0.002588
0.0022758
0.042457
0.19918
0.0087975
0.045806
0.088659
0.26625
-0.0073983
0.036402
0.12997
0.50509
0.038685
0.0061544
0.11295
0.31114
-0.0031905
0.023587
0.050702
0.15357
-0.0069944
0.005899
0.035068
0.11503
-0.0058268
-0.014386
0.066157
0.23411
0.0035444
-0.0046093
0.062061
0.21102
-0.0047038
-0.0086134
0.042016
0.14167
