-0.014689
-0.022576
0.042618
0.056392
0.05502
-0.036537
0.10336
0.12865
0.026884
-0.026384
0.11636
0.22841
-0.014311
-0.018418
0.084413
0.13008
0.0037734
0.037232
0.10939
0.14994
0.024219
0.089681
0.23058
0.2803
-0.013034
0.044702
0.18708
0.42024
-0.024079
-0.009422
0.14504
0.17909
0.0072471
-0.045091
0.071074
0.17735
0.013818
-0.078599
0.13811
0.29795
-0.021187
-0.091973
0.10841
0.34531
-0.026784
-0.039515
0.11279
0.16653
-0.011825
0.074245
0.040729
0.14139
-0.039673
0.039087
0.11139
0.13798
-0.0018497
0.0017865
0.074221
0.12874
0.0016452
-0.00041686
0.04392
0.076673
