-0.0072323
-0.012665
0.034831
0.096177
-0.036504
-0.0025006
0.072721
0.19315
0.0030788
0.025065
0.071658
0.17897
-0.0040104
0.018842
0.034191
0.071566
-0.0081535
-0.01622
0.07962
0.19926
0.0039358
-0.0050636
0.10541
0.19171
-0.023506
-0.0070917
0.10125
0.17179
-0.002028
-0.0023428
0.042014
0.096084
-0.015016
0.0012504
0.087236
0.096798
0.014634
-0.019703
0.10225
0.15189
0.008766
0.027042
0.076852
0.14937
-0.0083756
0.030058
0.051133
0.088525
-0.015046
-0.19801
0.03759
0.25695
-0.0076472
-0.31132
0.046626
0.33872
0.022671
-0.32161
0.047889
0.36774
-0.0018865
-0.21167
0.031187
0.23553
