0.0014208
-0.002278
0.0099959
0.0068039
0.049317
-0.0062721
0.053258
0.01993
-0.050783
-0.10316
0.10872
0.10945
-0.088057
-0.14703
0.088637
0.14754
0.0027058
-0.0065244
0.01159
0.013543
-0.13048
-0.17082
0.1871
0.18075
-0.2182
-0.3276
0.25543
0.36284
-0.070052
-0.10966
0.084543
0.12327
-0.015334
-0.011495
0.03229
0.019476
-0.28099
-0.10321
0.29906
0.17347
-0.12389
-0.053221
0.14635
0.17105
-0.032623
-0.019926
0.058591
0.074231
-0.055611
-0.011591
0.061367
0.019514
-0.17191
-0.042585
0.18354
0.10069
-0.059444
-0.042793
0.082856
0.074136
-0.0050766
-0.011846
0.020907
0.040999
