0.022538
0.0055083
0.068594
0.09135
0.011603
0.02043
0.080162
0.13759
-0.0316
0.0051406
0.11721
0.16491
0.028492
-0.02965
0.071949
0.1381
0.0086743
-0.011295
0.093197
0.17966
0.023187
-0.099592
0.1741
0.36418
-0.0011921
-0.036692
0.22739
0.23706
0.018167
0.027453
0.10299
0.16874
0.039323
-0.03815
0.11002
0.26533
-0.032046
-0.00099264
0.19304
0.33883
0.045961
-0.040226
0.18847
0.28744
0.032947
-0.021557
0.084203
0.12851
-0.005864
-0.0029046
0.091742
0.17211
0.015664
-0.031966
0.12189
0.17548
0.0066349
-0.01953
0.12588
0.16192
0.016958
-0.02001
0.059101
0.1064
