-0.0015478
-0.0074084
0.0091308
0.023532
-0.20381
-0.052775
0.20926
0.067207
-0.10735
-0.034707
0.14877
0.041563
0.0055077
-0.0068231
0.0088785
0.0073821
-0.0010818
-0.02096
0.010601
0.028284
-0.35913
-0.068841
0.38391
0.0873
-0.10513
-0.038229
0.15242
0.053037
0.013702
-0.013242
0.015377
0.014861
-0.0016806
-0.014458
0.0078319
0.01593
-0.37458
-0.04244
0.3983
0.057222
-0.095171
-0.051204
0.14573
0.066636
0.025009
-0.028542
0.025187
0.028703
-0.001052
-0.011471
0.0040749
0.011608
-0.24325
-0.030569
0.27486
0.043252
-0.0763
-0.024979
0.15923
0.11073
0.021553
-0.03749
0.059713
0.091123
