0.0051963
-0.0042665
0.048593
0.1026
0.03718
-0.006557
0.097787
0.14995
0.098627
0.01402
0.24418
0.05929
0.055314
0.0088876
0.078503
0.011885
-0.016866
-0.014239
0.13825
0.13586
0.10329
-0.014991
0.25057
0.15284
0.19511
0.016599
0.40754
0.075524
0.067947
0.009379
0.092296
0.021295
-0.0079416
-0.011297
0.057884
0.10525
0.16061
0.028643
0.22541
0.13586
0.21134
0.034523
0.46079
0.064311
0.049985
0.0066417
0.071199
0.015616
0.0070386
0.028356
0.041278
0.066788
0.077817
0.041799
0.14214
0.13436
0.13831
0.022864
0.23687
0.039386
0.019058
0.0031241
0.026536
0.0054594
