-0.019815
-0.016073
0.020599
0.016126
0.19565
-0.019371
0.20758
0.037255
0.15489
-0.062643
0.16462
0.079714
0.002991
-0.034344
0.021604
0.03886
-0.0197
-0.02485
0.028514
0.026218
0.34678
0.073387
0.3575
0.11941
0.14166
0.030118
0.17303
0.19317
0.015807
-0.010597
0.037854
0.13987
0.012587
-0.0024204
0.048627
0.038387
0.39219
0.082983
0.40634
0.12577
0.064991
0.0077983
0.10888
0.085371
0.0058995
-0.0067016
0.033796
0.048765
0.046194
0.020486
0.076251
0.027534
0.1918
0.027012
0.19644
0.069972
0.022306
-0.030488
0.048712
0.050015
0.0041769
-0.021435
0.027456
0.029577
