-0.00095242
0.00049107
0.0058989
0.004077
-0.0011197
-0.00034062
0.010981
0.006437
0.0032005
0.00055124
0.013109
0.0050767
0.00032237
0.00061251
0.007826
0.0037427
-0.0037371
0.0019222
0.010279
0.0061031
-0.13091
-0.12866
0.15873
0.16372
-0.019069
-0.32123
0.067067
0.37606
0.019166
-0.19372
0.041962
0.23546
-0.0043977
0.00026723
0.010894
0.0049906
-0.36592
-0.080427
0.38898
0.15508
-0.049754
-0.12979
0.10117
0.19051
0.070008
-0.081145
0.10609
0.12867
-0.0026338
0.00014498
0.0093805
0.006026
-0.23961
0.010463
0.25465
0.064209
-0.027786
0.033647
0.06327
0.057592
0.045247
0.02476
0.073068
0.064886
