0.010346
0.0015
0.06895
0.11092
0.012805
0.0093104
0.070309
0.21335
0.073909
0.017449
0.13237
0.14515
0.073287
0.047045
0.17439
0.062172
0.021683
0.011393
0.16196
0.15365
-0.055249
0.0014371
0.22401
0.22289
0.14097
0.017238
0.27972
0.12215
0.15222
0.025749
0.27362
0.042394
0.025541
-0.018171
0.088045
0.13667
0.015154
0.0076599
0.15352
0.24102
0.081452
0.040338
0.30026
0.15798
0.14721
0.025002
0.26469
0.034292
0.0054433
0.015155
0.088981
0.13008
0.02286
-0.0085662
0.14902
0.14452
0.070142
-0.0040796
0.20775
0.088531
0.090863
0.012715
0.13722
0.021438
