0.0021161
-0.0019251
0.063437
0.097981
0.0013829
0.00047495
0.10786
0.12896
-0.010776
0.0052701
0.13419
0.12512
-0.0034037
0.0024125
0.076381
0.089599
0.014675
-0.01876
0.16057
0.13767
-0.059143
-0.059879
0.31052
0.31732
0.044155
-0.062526
0.27408
0.32969
-0.0097675
0.0058298
0.11848
0.16105
0.016192
-0.0058238
0.15388
0.12419
-0.048626
0.030363
0.24346
0.25003
0.050452
0.03532
0.24204
0.24451
0.0034767
-0.0025234
0.10958
0.13028
0.0069153
0.0015096
0.086334
0.080286
0.0031363
-0.00471
0.13053
0.15039
0.0058585
-0.012925
0.15244
0.14546
0.0047302
-0.014536
0.081507
0.10199
