-0.0078771
0.0027702
0.013684
0.02525
-0.002387
0.0096333
0.0088561
0.018084
-0.0021809
0.0052535
0.0062405
0.019233
-0.0011944
0.0024397
0.0041234
0.0116
-0.10138
0.22102
0.10272
0.22709
-0.060307
0.14587
0.061971
0.17297
-0.012279
0.013455
0.01569
0.05323
-0.0060819
-0.00077154
0.0094225
0.028641
-0.048003
0.10156
0.049005
0.10676
-0.096387
0.32816
0.098158
0.3442
-0.079891
0.415
0.081498
0.434
-0.0407
0.27804
0.042013
0.292
-0.00097449
-0.0027961
0.0016818
0.0030553
-7.7618e-05
-0.0013239
0.0029125
0.0046602
-0.0029398
0.01568
0.0059643
0.021408
-0.0053141
0.028436
0.0059114
0.030786
