0.0067064
-0.0086631
0.042376
0.11297
0.034979
-0.018585
0.089352
0.21506
0.0012219
-0.019058
0.098319
0.22962
0.0020721
-0.0081297
0.06353
0.11629
0.0023728
-0.0059813
0.074368
0.20937
0.058221
-0.0061959
0.11302
0.36853
0.013952
0.016989
0.092769
0.36436
0.0029974
0.0073567
0.076767
0.21064
-0.011073
0.0041054
0.087844
0.2025
0.041474
-0.013162
0.16507
0.34683
0.019346
-0.014894
0.15235
0.27826
0.0042948
-0.0089162
0.078976
0.15725
-0.0049361
-0.0072251
0.056734
0.10048
0.023246
-0.013116
0.078306
0.19392
0.014747
-0.013904
0.085206
0.19666
-0.00033717
-0.0079492
0.067023
0.12731
