-0.015257
-0.0052526
0.048872
0.072905
-0.0078053
-0.012612
0.08228
0.15572
-0.0085134
0.022736
0.085236
0.17306
0.0028738
0.039563
0.03878
0.12154
-0.01735
-0.048354
0.065176
0.17736
0.013464
-0.024351
0.13174
0.2582
0.007364
-0.0057286
0.11695
0.23573
-0.01629
-0.018773
0.063798
0.14463
0.0044912
0.01926
0.079225
0.25481
-0.036543
0.0067608
0.14909
0.43171
0.019085
-0.047507
0.15104
0.38142
-0.019672
-0.069972
0.091583
0.19743
-0.021754
-0.05026
0.065374
0.11257
0.019223
-0.082123
0.12279
0.20337
0.013227
-0.0060127
0.13156
0.22821
-0.019334
0.032326
0.060027
0.1543
