0.0033453
0.012544
0.019482
0.016362
0.097168
0.04673
0.14115
0.081251
0.20039
0.048498
0.26981
0.099742
-0.039015
0.0012895
0.039743
0.010724
0.011273
0.014603
0.024877
0.022808
0.18166
0.0043956
0.26697
0.098708
0.26948
-0.028427
0.40016
0.15348
-0.066142
-0.0044323
0.067415
0.014819
0.0085087
0.00038052
0.046277
0.019329
0.13033
0.00022281
0.1919
0.078904
0.27191
-0.01075
0.42024
0.11199
-0.063099
-0.0083219
0.07713
0.020551
0.0076806
0.0032589
0.038153
0.016419
0.086194
0.0089856
0.11006
0.052278
0.15642
-0.027217
0.23852
0.065297
-0.036481
-0.010638
0.043799
0.025691
