-0.010846
-0.0027531
0.019463
0.012264
0.15371
-0.027669
0.18018
0.045847
0.1592
-0.017905
0.21125
0.042196
-0.017591
0.00876
0.028059
0.011518
-0.019146
0.0079683
0.031017
0.01875
0.12666
-0.006811
0.18158
0.070819
0.3341
-0.035134
0.40002
0.1032
-0.029432
0.012744
0.049147
0.018127
-0.0092647
0.0090929
0.030355
0.021518
0.03969
0.022794
0.08671
0.067884
0.38119
-0.04538
0.41588
0.10324
-0.019148
0.0054797
0.04885
0.017507
-0.004434
0.0086359
0.021645
0.015081
0.019714
0.0030057
0.069072
0.049096
0.25153
-0.045554
0.29622
0.095366
0.0070755
0.0013261
0.056248
0.016855
