0.17154
0.013988
0.18971
0.10203
-0.002005
-0.0013634
0.072434
0.21131
0.028809
-0.024162
0.078072
0.20871
0.0073975
-0.00031293
0.039522
0.08566
0.25933
-0.026909
0.31335
0.088698
0.0048796
0.00017114
0.16642
0.19964
0.036367
-0.0016454
0.14596
0.24991
-0.005491
-0.024894
0.082421
0.12965
0.24874
0.018571
0.29961
0.1035
0.064947
0.060249
0.12161
0.21469
-0.003109
0.056568
0.094922
0.2671
0.019058
0.037311
0.08715
0.15099
0.17245
0.0039618
0.18869
0.07575
0.018904
-0.024985
0.05469
0.1409
0.013106
-0.0068052
0.068725
0.10267
0.01482
0.00093331
0.050272
0.053069
