0.016402
0.01767
0.038079
0.054392
0.026943
0.028675
0.10857
0.15936
0.044161
0.028122
0.11877
0.1862
-0.025658
0.030257
0.091182
0.098684
0.017918
0.032268
0.11256
0.13326
0.025324
0.035449
0.17329
0.20945
0.027096
0.060962
0.21693
0.25769
-0.027566
0.035271
0.14766
0.19121
0.022269
0.058761
0.097655
0.14352
0.019235
0.0041004
0.17522
0.31102
0.0090417
-0.044391
0.2198
0.38026
-0.047219
-0.014169
0.16635
0.21604
0.018158
-0.061116
0.07083
0.12287
-0.0042961
-0.046494
0.14898
0.21002
0.016042
-0.016368
0.10887
0.17487
-0.026782
-0.041722
0.076931
0.14706
