-0.011144
0.026456
0.057443
0.10568
-0.0018538
0.03629
0.10728
0.22111
-0.029307
0.030373
0.12228
0.29517
0.0059082
-0.0074125
0.076182
0.2037
0.0017436
0.036584
0.079032
0.17436
-0.056286
0.00525
0.15787
0.30956
0.030755
0.047057
0.20147
0.2919
-0.0057603
0.081059
0.10836
0.21937
-0.0056066
0.014898
0.11142
0.27922
-0.0061091
0.086452
0.15502
0.3148
0.04563
0.06059
0.14963
0.17937
0.0071718
0.015612
0.064822
0.10493
0.0085341
-0.0057903
0.0606
0.12265
0.0057022
-0.021713
0.097633
0.14037
-0.050891
-0.014898
0.10084
0.1598
0.0017173
-0.0238
0.03845
0.16781
