-0.0023371
0.018987
0.035803
0.070611
-0.0035943
0.03146
0.06201
0.11701
-0.011376
0.0054051
0.27162
0.13969
0.016195
0.0064538
0.067618
0.071418
-0.010724
-0.01123
0.049359
0.10819
-0.099637
-0.067738
0.20852
0.18231
0.063164
0.00059374
0.40698
0.2171
0.006037
0.0081274
0.046815
0.083
-0.011327
0.0016479
0.048574
0.10764
-0.069911
-0.012031
0.4214
0.19882
0.076433
0.0089658
0.26428
0.22898
-0.010867
-0.02041
0.057017
0.10758
-0.034916
-0.014735
0.064528
0.074423
0.0057798
-0.0019738
0.29877
0.145
0.016778
-0.015642
0.10065
0.14186
-0.014027
-0.0045156
0.050596
0.071056
