0.016747
-0.09323
0.05942
0.11341
0.038231
-0.049609
0.051215
0.069225
0.0017309
-0.01833
0.036563
0.03117
-0.023534
-0.029546
0.038679
0.036838
0.080938
-0.16497
0.11517
0.21413
0.073664
-0.37961
0.13575
0.43442
0.015148
-0.40706
0.11916
0.41009
-0.033464
-0.23504
0.075224
0.23811
0.010269
-0.01274
0.016651
0.018436
0.00739
-0.058253
0.04398
0.075697
0.010783
-0.073394
0.039813
0.096982
0.0037998
-0.03461
0.023356
0.059592
0.0029929
0.0049197
0.0087473
0.0055035
0.0044271
0.017623
0.048496
0.018327
0.0063243
0.018302
0.030459
0.019166
0.014879
0.016872
0.018797
0.017264
