0.0026229
0.012882
0.036374
0.073625
-0.019114
0.01384
0.060826
0.10752
0.0075978
0.026087
0.067655
0.094957
-0.0021003
0.018848
0.034307
0.068256
-0.036277
0.18514
0.06666
0.24887
-0.027011
0.3258
0.068956
0.41406
0.035335
0.34512
0.069612
0.45219
0.011711
0.2251
0.058583
0.31203
0.0019801
-0.0061974
0.044608
0.057667
0.023078
0.029959
0.060492
0.10828
0.017141
0.050577
0.068685
0.13635
0.0024091
0.017978
0.046123
0.088088
0.0039486
0.0068461
0.04635
0.068212
0.022651
0.0077654
0.057676
0.10655
0.0088759
0.0068836
0.034894
0.078087
0.002928
0.00066071
0.024889
0.040965
