-0.0027025
0.0026368
0.0062526
0.0040805
-0.15304
-0.043318
0.15611
0.059392
-0.0043207
-0.054518
0.20729
0.12685
0.027021
-0.01463
0.031296
0.052912
-0.0092523
-0.0059635
0.01203
0.0073986
-0.32257
-0.10314
0.39634
0.12524
0.084753
-0.020822
0.28692
0.09426
0.037736
0.0072528
0.04528
0.014667
0.0010732
-0.066726
0.060498
0.0674
-0.2722
-0.07922
0.44201
0.14164
0.14241
0.012016
0.2379
0.087545
0.047299
0.010921
0.052557
0.019534
-0.015874
-0.063457
0.091169
0.12852
-0.042309
-0.028392
0.16568
0.086721
0.091803
0.032787
0.11049
0.04009
0.019944
0.003714
0.021521
0.009837
