-0.05136
0.037171
0.092839
0.10811
-0.035562
-0.025743
0.096258
0.13487
0.0011979
-0.075818
0.091653
0.10647
-0.00063043
-0.0045186
0.089643
0.0562
-0.034353
0.14688
0.067938
0.16992
-0.14049
0.33906
0.15646
0.38773
-0.034937
0.36706
0.16112
0.44875
0.0051831
0.15432
0.14418
0.20379
0.00074471
0.012028
0.029305
0.044018
-0.014182
0.052325
0.056019
0.092735
-0.043979
0.11636
0.063302
0.14237
-0.028111
0.10722
0.055004
0.11517
-0.0061529
0.008627
0.014906
0.040442
-0.0041329
-0.0068927
0.031033
0.05024
-0.004652
-0.0051021
0.027238
0.034685
-0.0030808
-0.0092212
0.017119
0.023028
