0.0027162
-0.0095336
0.064573
0.069454
0.020663
0.01803
0.085505
0.10339
-0.0092822
0.0028595
0.07044
0.08706
-0.21002
-0.0018568
0.24468
0.055412
0.018412
0.013695
0.085751
0.087135
0.012467
-0.016673
0.1332
0.14454
-0.012927
-0.014725
0.12609
0.12886
-0.32068
-0.0054201
0.38474
0.063829
0.015625
-0.011794
0.091468
0.093246
0.0048076
-0.013686
0.15132
0.15428
0.0081416
0.0070688
0.13993
0.12771
-0.3252
0.00087477
0.38389
0.079127
0.012689
-0.010604
0.067351
0.080575
0.019992
-0.0026232
0.082656
0.098805
-0.0081447
-0.0061566
0.079188
0.10698
-0.20296
-0.007901
0.24425
0.057379
