-0.024649
0.008505
0.039895
0.020485
0.23901
0.022747
0.27586
0.029589
0.032791
0.0027
0.063873
0.010694
-0.0011936
-0.0010084
0.038639
0.0087922
-0.046937
-0.020939
0.089385
0.063077
0.38309
-0.017374
0.40906
0.047056
0.043386
-0.005362
0.10719
0.021786
-0.0046467
-0.00016453
0.06762
0.019321
-0.0090519
-0.015071
0.049025
0.028532
0.37829
-0.050317
0.42152
0.060526
0.06227
-0.017257
0.16112
0.035729
-0.0054657
-0.0031578
0.072641
0.019185
-0.0092257
0.0032289
0.023439
0.012304
0.21865
-0.040428
0.23814
0.049704
0.078692
-0.017972
0.13567
0.031645
-0.0089186
-0.0055619
0.050694
0.012622
