0.0061348
0.010103
0.032845
0.03207
0.19835
-0.018815
0.19911
0.061769
0.164
-0.013676
0.17538
0.03119
-0.0018196
-0.00064463
0.0060631
0.0075447
-0.036221
0.03474
0.090379
0.052257
0.18961
-0.013473
0.19289
0.075948
0.31639
-0.087173
0.34939
0.11511
-0.0037088
-0.002143
0.027164
0.020503
-0.079042
0.037254
0.13043
0.046848
0.048169
0.0024859
0.071835
0.027036
0.39214
-0.073603
0.40657
0.094307
0.021199
-0.0012194
0.0413
0.019375
-0.054292
0.012855
0.078575
0.021338
0.0095803
0.010003
0.058178
0.024599
0.25016
-0.031054
0.25535
0.04719
0.031679
-0.0035474
0.042387
0.016464
