0.0030388
-0.013056
0.022169
0.075082
-0.0089923
-0.0066245
0.040917
0.12675
-0.0015705
-0.0071368
0.034705
0.11031
0.0064625
1.8738e-05
0.026072
0.066028
-0.0065534
0.080083
0.034202
0.30008
0.00067928
0.12899
0.053367
0.48953
0.0033999
0.14228
0.079248
0.5002
0.008789
0.090774
0.054211
0.38158
-0.00025957
0.071135
0.049081
0.10329
0.00040854
0.093635
0.080967
0.1784
0.0083536
0.077216
0.071004
0.17952
-0.011019
0.031473
0.06274
0.13014
0.0043498
0.011867
0.032198
0.05481
-0.028112
0.020922
0.056033
0.096994
-0.0024566
0.013223
0.042514
0.10685
-0.0013951
0.013618
0.034207
0.060165
