0.00093739
-0.014022
0.094468
0.059475
0.031257
-0.015696
0.14169
0.091258
-0.023394
0.011771
0.12821
0.072507
0.0077874
0.012884
0.08629
0.049588
-0.011935
0.01852
0.12569
0.090641
-0.001374
0.00011489
0.21329
0.12804
0.0058443
-0.030859
0.28082
0.12154
0.013153
0.008522
0.12686
0.068639
-0.0098621
0.01402
0.16638
0.08369
-0.0040138
0.03073
0.24254
0.13752
0.010164
0.053593
0.2275
0.10562
-0.0034075
0.0060311
0.14869
0.067385
-0.0097689
-0.16079
0.090117
0.20387
0.010424
-0.25555
0.12014
0.33932
-0.012627
-0.26186
0.098567
0.307
-0.0031458
-0.16266
0.081208
0.20127
