0.10889
-0.0021618
0.1556
0.031368
-0.12626
0.020021
0.28507
0.041717
-0.045413
0.0062212
0.04565
0.021918
-0.012221
0.0026719
0.013418
0.012394
0.1875
-0.001169
0.1999
0.032583
-0.1914
0.014857
0.45253
0.044577
-0.079412
0.010969
0.079769
0.03437
-0.018949
0.0068417
0.020889
0.022573
0.18413
-0.010386
0.18467
0.041812
-0.16715
0.015614
0.49662
0.061607
-0.094379
0.019662
0.094673
0.042174
-0.022564
0.0023757
0.024106
0.0177
0.10948
-0.0036064
0.10984
0.02737
-0.085419
0.018391
0.32221
0.04829
-0.079409
0.0066147
0.07942
0.035366
-0.014829
-0.0016403
0.017188
0.019398
