-0.0010083
0.012927
0.011852
0.060099
0.00015647
0.006696
0.019222
0.095803
-0.0051393
0.0075887
0.020812
0.067369
0.0015966
0.0068143
0.010306
0.05159
-0.0088542
-0.054375
0.031917
0.14019
0.012668
-0.020876
0.036604
0.17192
0.0081038
0.021519
0.029169
0.11922
-0.0059962
0.026334
0.022384
0.082719
0.016514
-0.18376
0.027111
0.28234
0.021515
-0.29834
0.038171
0.42276
0.025346
-0.32871
0.037746
0.47024
0.024806
-0.20276
0.031742
0.3032
-0.0017633
0.056241
0.018051
0.11647
-0.0098475
0.024554
0.019855
0.12781
0.012914
-0.018042
0.02125
0.1014
0.022175
-0.015128
0.023789
0.052045
