-0.0075653
-0.0146
0.015063
0.028267
-0.21757
-0.049197
0.21757
0.098859
-0.11715
-0.03004
0.12
0.045727
-0.0021085
-0.0036011
0.0031871
0.004837
-0.02463
0.0014259
0.026099
0.064008
-0.378
-0.042337
0.37889
0.1624
-0.13641
-0.025957
0.14025
0.052166
-0.0034864
-0.007842
0.0058042
0.0091376
-0.038273
-0.01261
0.03869
0.017588
-0.40014
-0.088893
0.40103
0.089222
-0.089035
-0.028282
0.093411
0.029606
-0.0016971
-0.0094219
0.0060072
0.010341
-0.052418
-0.056946
0.053647
0.069511
-0.22725
-0.098563
0.22751
0.10679
-0.021958
-0.014656
0.024614
0.01925
-0.00074325
-0.0040792
0.0031654
0.0094409
