0.0062282
0.0084714
0.053454
0.06256
0.00117
0.013508
0.081635
0.081515
-0.054441
0.0018168
0.12062
0.097446
-0.0067722
0.0068742
0.056374
0.062247
0.010225
0.015194
0.076031
0.093027
-0.026957
0.0010191
0.1368
0.14393
-0.02005
0.034748
0.14133
0.17674
-0.038718
0.027379
0.098224
0.096098
-0.0085198
0.00072623
0.059134
0.059567
-0.015601
0.01464
0.1097
0.15428
-0.015587
0.00015853
0.09767
0.15866
-0.015687
-0.0050389
0.075165
0.099606
0.0013547
-0.21858
0.024344
0.24379
-0.021155
-0.33958
0.050084
0.37235
0.0060306
-0.32845
0.047814
0.36965
-0.023552
-0.19914
0.051688
0.26063
