-0.042225
0.026784
0.071065
0.13883
-0.028819
0.035829
0.13114
0.17105
-0.014503
-0.00074825
0.090839
0.19621
-0.0080706
-0.00039888
0.057246
0.091259
-0.025003
0.0010492
0.11433
0.23244
-0.089282
-0.0037195
0.19213
0.38289
-0.011935
-0.00061279
0.16797
0.23641
-0.039093
-0.0019025
0.085152
0.11048
-0.011647
0.042088
0.10465
0.17452
-0.067629
0.1068
0.14445
0.37825
-0.035852
0.15552
0.12261
0.27402
-0.038431
0.060851
0.085167
0.13798
-0.010806
0.031612
0.053263
0.10445
-0.026757
0.023184
0.11032
0.21576
-0.024537
0.044526
0.089012
0.16122
-0.024321
0.039995
0.06005
0.11859
