-0.0097052
0.024461
0.051176
0.075196
-0.034499
0.021667
0.092249
0.2031
-0.020996
-0.024834
0.095312
0.28466
-0.002294
-0.0039013
0.054311
0.10746
-0.015532
0.0050403
0.075246
0.10437
-0.09361
0.036111
0.18613
0.25315
-0.081842
0.092735
0.17633
0.38695
0.011802
0.002773
0.10331
0.24011
-0.025213
0.01089
0.14517
0.17757
0.0096581
0.029933
0.19567
0.23981
-0.057463
0.071157
0.14968
0.26092
-0.039946
0.09807
0.10393
0.26134
0.013024
0.019713
0.081353
0.11411
-0.025646
0.04873
0.11708
0.17087
-0.015179
0.041113
0.078844
0.13291
0.0034449
0.037353
0.067811
0.08034
