-0.01548
-0.004132
0.024877
0.013577
-0.21853
0.0094425
0.23727
0.034667
-0.0071451
-0.005814
0.031166
0.022289
-0.0096735
-0.00013528
0.01889
0.01486
-0.014187
-0.0019059
0.06989
0.02259
-0.36806
0.0086507
0.44355
0.049136
-0.022165
-0.027835
0.061662
0.035378
-0.01271
-0.015966
0.026109
0.024997
-0.0025789
-0.008056
0.095463
0.025378
-0.39904
-0.0088346
0.4494
0.039344
-0.029737
-0.024798
0.073906
0.041173
-0.00088284
-0.0027504
0.029073
0.025884
0.0049628
0.0059689
0.055209
0.018369
-0.26831
-0.02066
0.28308
0.032419
-0.0082021
-0.0030704
0.047071
0.021732
0.0025382
1.2289e-05
0.013246
0.014508
