-0.02227
-0.010995
0.038749
0.10664
0.030321
-0.042473
0.075815
0.23021
0.011263
-0.077753
0.07973
0.14384
0.0099858
-0.038048
0.04361
0.092892
-0.020754
0.052148
0.054649
0.14767
-0.0023195
0.10172
0.072125
0.32898
0.015067
0.067348
0.081242
0.30188
0.025182
0.013359
0.058716
0.19244
-0.0023163
0.0061504
0.042896
0.063946
-0.021033
0.027943
0.071895
0.17876
0.000566
0.027658
0.074576
0.21223
0.021994
0.033873
0.05144
0.1515
-0.0032629
-0.16384
0.023743
0.17716
-0.011377
-0.2576
0.043441
0.31072
0.023924
-0.25531
0.046388
0.31066
-0.00041913
-0.17206
0.027259
0.20694
