0.016277
-0.00065461
0.052252
0.065866
-0.0016235
-0.016998
0.060868
0.071989
0.0022729
-0.013285
0.041893
0.078257
0.001995
-0.0017233
0.031144
0.045857
0.020262
-0.077695
0.078478
0.17713
-0.01097
-0.1032
0.079236
0.31067
-0.008636
-0.16136
0.12131
0.28203
0.043362
-0.12817
0.091443
0.16301
0.012199
0.057785
0.11896
0.22117
-0.014898
0.049067
0.20531
0.40179
-0.048208
0.067931
0.17702
0.35515
-0.0035488
0.022681
0.12369
0.26376
0.0076871
0.029193
0.046983
0.082899
-0.032447
0.031567
0.089257
0.1602
0.010511
0.036048
0.11406
0.18468
-0.019327
0.05397
0.068872
0.12797
