0.0043241
0.00046355
0.087027
0.11569
0.025859
0.035169
0.089205
0.18604
0.039683
0.011644
0.07914
0.13398
-0.010736
0.016749
0.047366
0.069104
-0.0061253
-0.011225
0.14522
0.16071
0.064458
-0.018044
0.19384
0.16904
0.02319
-0.016555
0.18249
0.18562
-0.0044828
-0.0078181
0.09406
0.13784
0.018179
0.036207
0.14679
0.14261
-0.019798
0.020538
0.2526
0.3769
0.017327
-0.021733
0.21749
0.48666
0.038609
-0.014453
0.13018
0.19216
0.0024829
0.0067195
0.043843
0.077463
0.016958
0.028289
0.084474
0.13733
-0.014551
0.045827
0.089906
0.18865
0.024927
0.0056929
0.065409
0.1017
