0.013157
0.022233
0.038306
0.059632
-0.006382
-0.0061167
0.061356
0.10254
-0.014601
-0.013042
0.073176
0.1048
-0.000262
0.02272
0.049297
0.084218
0.0085821
-0.051483
0.061204
0.21104
-0.03137
-0.11383
0.097596
0.37576
0.027699
-0.055561
0.12264
0.3925
-0.00074402
-0.032013
0.054812
0.2367
0.018872
0.033797
0.055894
0.17159
-0.015909
0.099804
0.10127
0.35886
0.011206
0.066181
0.11269
0.3923
-0.023289
0.034592
0.05332
0.26103
0.0080384
0.012883
0.027417
0.095181
0.0086195
-0.016717
0.054619
0.1345
-0.035457
-0.010815
0.075085
0.13974
-0.014446
-0.017673
0.048841
0.12829
