0.011872
0.038276
0.036686
0.10797
0.016313
0.033564
0.049861
0.11333
-0.069365
-0.0037602
0.099931
0.12858
-0.2123
-0.015797
0.21363
0.038472
-0.0021249
0.0072906
0.047928
0.101
-0.027543
-0.052761
0.087567
0.22071
-0.15074
-0.051636
0.19872
0.24053
-0.28421
-0.00060948
0.28657
0.046641
-0.010892
-0.011078
0.042875
0.14281
-0.034811
0.0032295
0.076283
0.20986
-0.092519
0.037762
0.17128
0.20078
-0.30974
0.023799
0.31854
0.043386
-0.0002585
0.013659
0.023163
0.070398
-0.029792
0.006991
0.078607
0.11239
-0.011743
0.015729
0.074825
0.086829
-0.21265
0.0078646
0.21595
0.026432
