0.013872
0.0024431
0.018199
0.011458
0.0898
0.037178
0.093321
0.042914
0.24908
0.033654
0.25524
0.038098
0.0042022
0.00056674
0.0091601
0.0062112
0.039846
-0.019994
0.042135
0.037511
0.17102
-0.0061564
0.1732
0.032633
0.36002
-0.0076359
0.36805
0.03531
0.0058613
0.0013246
0.012661
0.0093691
0.033109
0.020635
0.039119
0.082182
0.16539
-0.0036226
0.16813
0.10914
0.38803
0.00025247
0.39921
0.041136
0.0059916
-0.0012114
0.015807
0.0098066
0.021899
0.027785
0.023199
0.029181
0.088812
0.047657
0.090061
0.065975
0.22326
0.0080828
0.22746
0.029494
0.003204
0.00042778
0.0085149
0.0051457
