-0.0079805
0.00011019
0.028659
0.036991
-0.07817
0.02096
0.25635
0.041973
0.10231
-0.0013814
0.21445
0.030707
-0.00025028
-0.0065151
0.018168
0.021304
0.020211
-0.0079659
0.054714
0.054084
-0.16192
-0.014077
0.39296
0.054096
0.17246
-0.023865
0.38603
0.061684
-0.0084202
-0.0080673
0.036655
0.034719
0.00678
-0.000621
0.041783
0.049623
-0.16326
0.020998
0.33326
0.092235
0.17056
8.0795e-05
0.41476
0.073063
-0.019937
-0.013703
0.058343
0.058227
0.0027123
0.00022302
0.023388
0.028732
-0.11402
0.01842
0.15058
0.03514
0.071082
-0.021833
0.27246
0.062126
-0.010959
-0.0085829
0.032302
0.035775
