-0.0085673
-0.01529
0.040719
0.072537
0.0024606
-0.016071
0.054373
0.10955
-0.11034
-0.12578
0.14598
0.16333
0.030156
0.0075058
0.12956
0.11582
0.032158
-0.029029
0.070068
0.11756
-0.1574
-0.16025
0.21661
0.26789
0.010549
0.00062675
0.28182
0.25888
0.091108
0.064139
0.1198
0.13768
-0.072086
-0.071521
0.11883
0.15367
-0.0055375
-0.033184
0.26938
0.2692
0.14537
0.12786
0.1844
0.23516
-0.068057
-0.06916
0.12215
0.15875
-0.02638
-0.029066
0.099927
0.096382
0.085866
0.04908
0.12806
0.11778
-0.035458
-0.084696
0.094365
0.12269
-0.037396
-0.046956
0.10348
0.10134
