0.0010088
0.0050768
0.08015
0.13451
0.014145
-0.0015452
0.084779
0.15047
0.015488
-0.026673
0.068825
0.092194
-0.011801
0.00039462
0.043206
0.070037
0.024664
-0.0081638
0.12226
0.19367
0.025989
0.02811
0.17531
0.26004
0.0047631
0.025349
0.15199
0.19351
0.030095
0.036471
0.058689
0.12301
-0.015245
0.037265
0.087009
0.28817
0.028329
-0.016983
0.15167
0.50862
0.035225
-0.03718
0.15999
0.23812
0.027306
-0.048037
0.073835
0.15689
0.014174
-0.022791
0.070464
0.17758
-0.034814
0.0060128
0.11805
0.23116
0.02846
0.034067
0.14275
0.21612
0.025235
0.0064025
0.07619
0.12208
