-0.022724
0.022777
0.057936
0.14148
0.021234
-0.0098379
0.10489
0.2129
-0.035429
0.0038269
0.10932
0.14713
0.0080337
0.014255
0.11986
0.13658
-0.010781
-0.010987
0.16026
0.22208
0.022375
0.032608
0.26326
0.34667
-0.013991
0.022049
0.19694
0.24372
0.014303
0.020387
0.10836
0.15674
0.0086751
-0.0064764
0.11553
0.13318
-0.051232
-0.062957
0.25647
0.34593
0.05474
-0.092995
0.19
0.2973
-0.0075522
-0.023681
0.075047
0.11009
0.0094695
0.00030131
0.056286
0.072276
-0.032348
0.01966
0.10166
0.11725
0.011136
0.011086
0.092451
0.1374
-0.0069757
-0.022119
0.065032
0.065534
