-0.0056423
0.051576
0.015221
0.053602
-0.0034922
0.088468
0.024174
0.090657
-0.0054442
0.089181
0.02245
0.090708
0.0028791
0.056563
0.017849
0.064135
-0.017167
-0.065612
0.043296
0.19481
-0.019154
-0.17394
0.050646
0.3896
-0.0066992
-0.21235
0.043293
0.37199
0.017337
-0.14394
0.050019
0.21008
-0.024008
0.089904
0.038994
0.15447
-0.056813
0.16159
0.069038
0.37502
-0.03532
0.15085
0.067157
0.37449
0.01147
0.090721
0.036307
0.24954
-0.012683
-0.0072067
0.020946
0.02865
-0.022738
-0.012279
0.04103
0.056947
0.020574
0.039907
0.046638
0.069283
0.0028695
0.039939
0.023772
0.055217
