0.0059157
0.02752
0.065445
0.084126
-0.00018381
0.024933
0.094509
0.14269
-0.019128
0.011415
0.050078
0.18134
-0.00046077
-0.015034
0.035925
0.078975
0.0011215
-0.037343
0.13354
0.22014
-0.001903
-0.057749
0.21151
0.33605
0.059434
-0.050627
0.1724
0.44372
0.0018794
0.031246
0.16493
0.25681
0.012335
-0.041635
0.089042
0.1896
0.0037856
-0.055644
0.16479
0.2758
-0.025511
-0.083156
0.13401
0.23616
0.023597
-0.077587
0.10341
0.18378
-0.0087003
0.040595
0.039791
0.10011
0.0035452
0.058615
0.04806
0.12814
-0.0039234
0.071126
0.063372
0.1301
-0.0018729
0.051181
0.047095
0.089209
