0.017141
0.21458
0.029848
0.2287
0.0054953
0.36063
0.052051
0.38851
-0.0043571
0.3538
0.04226
0.382
0.0080341
0.22817
0.026001
0.24761
0.05421
0.00033389
0.10052
0.086288
0.011039
0.0040205
0.11394
0.14786
0.0027788
0.030266
0.11594
0.14854
0.0019199
0.020974
0.089479
0.094878
0.057544
0.0012711
0.098059
0.079554
0.019029
0.014291
0.10378
0.1237
0.018329
0.0049261
0.097606
0.10268
-0.007699
0.0075194
0.098522
0.072826
0.038213
-0.0046139
0.069572
0.047806
0.029338
-0.0056865
0.090257
0.077301
0.010181
-0.011452
0.076664
0.057957
-0.0064763
-0.0085259
0.058608
0.047729
