-0.017559
0.011876
0.040492
0.078707
-0.016809
0.0079366
0.26684
0.16714
0.026291
-0.020058
0.1417
0.11327
-0.015443
0.0062246
0.03263
0.041316
-0.0041397
0.013397
0.069377
0.12014
-0.11341
0.092887
0.2069
0.20742
0.033056
-0.028973
0.42963
0.27764
0.0028825
-0.0064867
0.068439
0.07985
0.0032468
-0.014391
0.04909
0.068374
-0.014606
-0.018261
0.06668
0.15739
-0.11712
0.067509
0.37228
0.25971
0.048121
-0.010785
0.18655
0.14728
-0.013396
0.0042334
0.029483
0.053801
-0.0015264
0.020245
0.062793
0.16002
-0.029969
0.039549
0.087383
0.16212
0.016821
-0.0034487
0.21171
0.13412
