0.0086352
-0.016917
0.054423
0.11512
0.0044741
-0.035154
0.067454
0.19993
0.012223
-0.047069
0.072383
0.213
0.013785
-0.012634
0.070799
0.1415
0.020039
0.032431
0.076647
0.14774
-0.011102
0.056031
0.090406
0.29394
0.012768
0.066621
0.069545
0.38753
0.0084298
0.0090597
0.082813
0.22626
-0.007013
-0.0040162
0.036267
0.15354
0.016649
-0.038643
0.067468
0.3526
0.0043063
-0.022164
0.092319
0.37747
-0.002832
-0.011289
0.060058
0.23607
-0.0072862
-0.0097264
0.034852
0.086497
0.014795
-0.00052282
0.057689
0.19125
0.0040227
-0.0054569
0.077346
0.23033
0.008059
0.0057769
0.051616
0.19256
