-0.034315
0.034535
0.069635
0.082217
-0.025717
0.0023206
0.12658
0.15553
-0.023883
-0.015746
0.096985
0.12985
-0.0037269
0.0016346
0.088396
0.10298
-0.015623
0.0015161
0.088825
0.14971
-0.04899
0.1045
0.14371
0.30509
-0.10301
0.094113
0.16307
0.24302
-0.0117
0.032358
0.118
0.12841
-0.05098
0.018477
0.10509
0.16132
-0.052272
-0.063997
0.15711
0.33332
0.004405
-0.036131
0.20398
0.35198
-0.030801
0.010901
0.11197
0.17897
-0.0065782
-0.010038
0.068841
0.12944
-0.037007
0.027328
0.12992
0.22238
-0.0098309
0.027411
0.1346
0.25079
-0.040496
0.014682
0.071735
0.17682
