-0.020296
-0.0069078
0.054052
0.090581
-0.013366
-0.01492
0.087677
0.16817
-0.0052264
-0.026973
0.070997
0.18597
-0.0031645
-0.029207
0.037695
0.096078
-0.025385
-0.074674
0.07443
0.28662
-0.010193
-0.13016
0.12814
0.44655
0.031786
-0.096954
0.14073
0.42641
-0.041767
-0.053831
0.10859
0.24108
-0.033101
-0.030809
0.066212
0.12991
-0.015999
-0.057027
0.11016
0.22303
0.02195
-0.071183
0.11997
0.28199
-0.0042943
-0.038483
0.070057
0.20059
-0.0095064
-0.024996
0.044542
0.073126
0.011306
-0.020518
0.070918
0.080358
-0.0061064
0.002676
0.062618
0.14414
0.017351
-0.0089058
0.041207
0.071212
