0.015567
0.0015058
0.058928
0.084087
-0.020063
-0.011819
0.089367
0.15869
-0.048021
-0.045494
0.1108
0.13998
0.019712
-0.029765
0.08077
0.11976
0.028242
-0.049149
0.090928
0.16649
0.033597
-0.0013417
0.13911
0.2439
-0.070393
0.059144
0.13854
0.26017
0.023199
0.033135
0.099399
0.21331
0.023847
-0.0093201
0.086185
0.26377
0.054964
-0.050591
0.14717
0.33341
0.0049305
-0.028461
0.13342
0.29184
0.018422
0.011565
0.075156
0.26574
0.007287
0.0013093
0.04779
0.14343
0.0063972
-0.056109
0.091729
0.24711
0.017638
-0.062035
0.10952
0.25156
0.0075328
-0.066645
0.1013
0.19804
