0.010071
-0.0081025
0.045486
0.087118
0.016865
0.0022389
0.092014
0.1304
-0.02021
0.035272
0.084414
0.11919
-0.0085526
0.020123
0.074476
0.13505
0.0036903
-0.046528
0.11892
0.20729
0.071831
-0.073915
0.2136
0.30215
-0.0072924
-0.065106
0.21903
0.33358
0.028215
-0.050174
0.11076
0.18529
-0.018571
0.067259
0.085073
0.13367
0.029957
0.059108
0.20103
0.24093
-0.010473
0.036665
0.26222
0.38864
0.010624
0.033688
0.16002
0.20537
-0.00095641
0.014003
0.045798
0.053614
-0.023162
-0.0019441
0.1003
0.10629
-0.003978
-0.018595
0.10661
0.12798
0.0044079
-0.023736
0.082335
0.10602
