-0.0028409
-0.0056757
0.0053925
0.0087088
-0.00076499
-0.0064134
0.0070617
0.013431
-0.0029218
-0.0046038
0.0059898
0.0081195
-0.002793
-0.0039125
0.0045653
0.005061
-0.009847
0.13452
0.016586
0.13966
-0.012913
0.14021
0.022309
0.14719
-0.014905
0.046254
0.018817
0.061357
-0.0015584
0.0046229
0.0084682
0.019231
-0.009863
0.22757
0.021788
0.23181
-0.047439
0.38543
0.051096
0.3888
-0.075534
0.41179
0.076375
0.41335
-0.081395
0.25235
0.082362
0.25448
0.0016573
0.010164
0.0076517
0.010665
-0.012243
0.011979
0.013284
0.012718
-0.024785
0.012888
0.024785
0.014893
-0.040883
0.014855
0.047165
0.036552
