0.019809
-0.013809
0.048187
0.064157
-0.0027448
-0.0036917
0.06522
0.084851
-0.0043228
-0.0044362
0.065052
0.089654
0.0057373
0.010352
0.027045
0.036492
0.0082323
-0.0043247
0.070606
0.090842
0.013829
-0.015477
0.10156
0.11985
0.029853
0.019425
0.11466
0.13943
-0.014057
-0.0085677
0.07375
0.076115
-0.018683
-0.1219
0.078232
0.24609
0.018
-0.21721
0.1475
0.44618
0.039143
-0.2326
0.10238
0.33834
-0.02981
-0.13924
0.071375
0.20503
0.00056526
-0.13944
0.0085273
0.14624
-0.0067212
-0.20449
0.026042
0.24571
0.009567
-0.2158
0.021499
0.22768
-0.0045532
-0.14358
0.010466
0.1465
