0.0027881
-0.014378
0.041938
0.084799
0.010619
-0.002321
0.049839
0.13086
-0.012169
-0.0036294
0.057644
0.11348
0.0099527
0.0033093
0.053232
0.076091
0.00066393
-0.049116
0.084978
0.23058
0.052682
-0.052904
0.1243
0.26098
0.027389
0.0097894
0.081077
0.12202
0.0086637
0.013746
0.040011
0.088013
-0.035329
0.024436
0.077748
0.2315
0.015133
0.0077431
0.15748
0.52256
0.034222
-0.058333
0.13276
0.47793
0.03017
-0.085885
0.063059
0.19404
0.0027321
0.0018166
0.030563
0.067639
0.011149
0.045401
0.058432
0.11171
-0.0098782
0.018126
0.070432
0.18224
-0.012463
0.031013
0.06644
0.18509
