-0.00065303
-0.0025419
0.04603
0.05716
0.0095091
0.0074149
0.070458
0.079477
-0.0083976
-0.010366
0.079142
0.13105
0.0074567
-0.029025
0.058519
0.11708
-0.0028683
-0.052856
0.10738
0.25663
0.04227
-0.015622
0.17696
0.4948
-0.017559
0.054656
0.14297
0.43818
0.038805
0.065822
0.10029
0.22004
-0.019556
0.087676
0.11071
0.20891
0.085554
0.033416
0.1808
0.2781
0.015154
0.011658
0.17316
0.19077
0.028504
-0.0093849
0.088092
0.085704
0.0033884
0.009959
0.045773
0.052967
-0.018628
0.025146
0.058256
0.086376
0.016237
0.0041792
0.070647
0.090063
-0.009072
0.0023818
0.053734
0.068813
