0.046518
0.013308
0.09228
0.14259
-0.0030963
-0.020941
0.092024
0.25416
-0.0078284
-0.0081436
0.12332
0.166
-0.0047112
0.0056498
0.053513
0.096243
0.082786
-0.0049184
0.17422
0.17
-0.043025
-0.0049442
0.17356
0.31824
0.023675
-0.029885
0.2195
0.27811
-0.024226
-0.0038937
0.19263
0.22898
0.090814
0.014124
0.19931
0.15041
-0.039198
-0.015323
0.16272
0.23465
-0.0048022
-0.041359
0.16284
0.27055
-0.0063503
-0.023528
0.098965
0.19494
0.053407
-0.015238
0.13244
0.091219
-0.020367
-0.0028858
0.12529
0.11641
-0.021609
-0.0059964
0.1436
0.12963
-2.0673e-05
-0.020196
0.08783
0.12288
