0.00092585
-0.0053768
0.073087
0.0090046
0.19013
-0.010592
0.20893
0.10374
0.1385
-0.0084903
0.17411
0.10427
0.017479
-0.00090991
0.062712
0.072983
0.012385
-0.002427
0.09392
0.031999
0.31426
0.026691
0.33113
0.087301
0.18482
-0.0099256
0.20699
0.12665
0.042655
-0.0088311
0.067442
0.069899
0.015168
-0.014185
0.067054
0.025773
0.31639
0.022514
0.33578
0.085558
0.17974
-0.0072333
0.19818
0.15931
0.03776
0.0038436
0.054673
0.079867
0.0035729
0.024726
0.033195
0.048695
0.21575
0.035683
0.26996
0.072115
0.086253
0.026864
0.10899
0.10865
0.0351
0.0094781
0.041908
0.060268
