0.0078455
0.0029769
0.074558
0.075698
-0.017083
0.060611
0.1732
0.19218
0.036714
0.047466
0.19509
0.23663
0.01614
0.016444
0.08081
0.13493
-0.00028399
0.043805
0.0929
0.11771
-0.025354
-0.02282
0.22655
0.25273
0.011947
-0.012097
0.26154
0.28967
0.031699
0.025655
0.20766
0.22191
0.0075103
0.018914
0.087714
0.11721
-0.06816
0.1049
0.2083
0.24113
0.056732
0.080462
0.2551
0.24745
0.016807
0.037295
0.137
0.20149
0.011858
0.013721
0.055773
0.078002
0.022512
0.030774
0.095378
0.10286
0.0064149
0.053112
0.11583
0.1151
0.01193
0.033294
0.069693
0.071208
