0.023231
-0.024392
0.048
0.093162
0.015041
0.00032149
0.10363
0.13514
0.045003
0.028322
0.10123
0.15084
-0.0062486
-0.012621
0.052358
0.093919
0.021061
-0.036065
0.11387
0.19689
0.12287
-0.03789
0.18102
0.29395
0.010175
-0.030891
0.14639
0.34667
-0.01849
-0.049503
0.099967
0.18017
0.034786
-0.020129
0.076834
0.14467
0.065572
-0.087677
0.13135
0.31723
0.015191
-0.13049
0.1688
0.35588
-0.0030719
-0.056485
0.13596
0.17577
0.027529
-0.02739
0.04492
0.10824
0.017571
0.0004627
0.096355
0.25407
-0.011048
-0.044186
0.074334
0.19111
0.012592
-0.033921
0.054297
0.11355
