-0.012456
-0.0032637
0.017048
0.028659
-0.029587
0.0097012
0.030427
0.03348
-0.026578
0.031097
0.027497
0.038653
-0.016988
0.025446
0.017176
0.030681
0.061806
-0.23452
0.079083
0.23703
0.03846
-0.16599
0.073591
0.18295
-0.012812
-0.0074995
0.029217
0.038663
-0.018712
0.013473
0.02081
0.019983
0.025935
-0.11555
0.040506
0.11607
0.10339
-0.32532
0.11317
0.32642
0.12272
-0.39891
0.13535
0.4068
0.061507
-0.2003
0.075838
0.20826
-0.052093
0.12804
0.053984
0.13574
-0.040086
0.082706
0.045686
0.10583
0.016433
-0.037551
0.026304
0.056848
0.029706
-0.063841
0.031681
0.082018
