-0.011444
-0.00090611
0.034377
0.07384
-0.0076177
-0.0031175
0.054073
0.064445
-0.0050676
-0.027088
0.049595
0.077464
0.0062283
-0.014816
0.054625
0.059229
-0.0052312
-0.02316
0.049615
0.17552
-0.0071879
0.001385
0.099038
0.23387
-0.042867
0.051041
0.12855
0.31078
0.015695
0.019252
0.12749
0.16697
0.0023467
-0.07308
0.040935
0.1824
-0.0051852
-0.12913
0.077359
0.26676
0.034937
-0.13504
0.10057
0.32515
-0.0040809
-0.061859
0.072495
0.221
-0.0012196
-0.16258
0.0074192
0.19526
-0.0066739
-0.24087
0.017902
0.26962
0.0072276
-0.24531
0.017911
0.25389
0.0015834
-0.16756
0.010533
0.18209
