0.01146
0.04434
0.049731
0.10305
0.029737
0.063114
0.083164
0.16174
-0.0026766
0.054863
0.1209
0.1479
0.0087088
0.058004
0.090807
0.11568
0.019332
0.00044149
0.08393
0.12292
0.035448
0.061184
0.19647
0.31899
0.031853
0.086027
0.19543
0.2693
0.011909
0.02909
0.11411
0.14803
0.048854
0.081856
0.1382
0.20595
0.030513
0.12851
0.20962
0.25951
0.023758
0.051369
0.22499
0.25803
0.010856
0.05076
0.12826
0.18374
0.033057
0.051103
0.10538
0.12717
0.019774
0.086237
0.13532
0.17717
-0.014045
0.089156
0.1415
0.19983
0.020632
0.02801
0.11432
0.12584
