-0.0078006
-0.023967
0.074984
0.23594
0.021516
0.022826
0.092197
0.29664
0.0097916
-0.015355
0.096391
0.21319
-0.003026
-0.022379
0.061311
0.15159
0.01155
0.066179
0.13627
0.24229
0.031497
0.081387
0.16997
0.3334
0.017331
0.12065
0.16304
0.28928
-0.0006422
0.064496
0.088296
0.16931
0.0043477
-0.050492
0.09488
0.1568
0.024526
-0.10378
0.13935
0.2637
0.03479
-0.041048
0.17163
0.25047
0.0014978
-0.0031551
0.069041
0.1369
0.0010022
0.023809
0.050842
0.1329
0.020009
0.043336
0.10216
0.21475
0.038472
0.005194
0.099365
0.11548
-0.0045861
-0.0048234
0.042499
0.042092
