0.025829
-0.0024826
0.037383
0.034375
0.0082876
-0.037899
0.027272
0.074362
0.0031378
-0.037964
0.020407
0.10326
-0.012039
-0.038867
0.034226
0.08579
0.019402
-0.22588
0.081873
0.26572
-0.016794
-0.35923
0.10214
0.37354
0.019329
-0.36756
0.071161
0.38139
-0.012946
-0.21926
0.05151
0.26262
0.0022625
-0.077812
0.044891
0.089443
-0.017349
-0.14138
0.080439
0.17376
0.0046768
-0.14636
0.06694
0.16106
-0.0013966
-0.097321
0.032363
0.11056
-0.005761
-0.001693
0.012227
0.017518
-0.0062214
-0.0060824
0.022061
0.03052
-0.0022177
-0.00073708
0.026934
0.034857
0.00090726
-1.0114e-05
0.012602
0.025649
