0.0015455
-0.09713
0.017075
0.13495
0.0060135
-0.144
0.013728
0.19706
0.0055442
-0.13899
0.0095461
0.17892
0.0030195
-0.086199
0.0075751
0.10607
0.0015338
-0.022829
0.009228
0.073732
0.0072553
-0.066552
0.011873
0.088891
0.0071835
-0.078449
0.010902
0.085978
0.0043148
-0.054538
0.0063759
0.057365
-0.0057551
0.11158
0.021914
0.3393
-0.00959
0.19022
0.027778
0.49712
-0.028182
0.19881
0.037454
0.49102
-0.0036773
0.1324
0.03073
0.26834
0.00088416
-0.0047624
0.0045428
0.043685
0.0011601
-0.007611
0.0056045
0.074059
-0.0025102
-0.0038881
0.0067453
0.085838
0.00068745
0.00040931
0.0068689
0.053494
