0.0072107
0.015383
0.10011
0.095449
-0.013133
0.042912
0.18463
0.146
0.0051164
0.085847
0.13742
0.18689
0.0070621
0.036668
0.10443
0.11287
0.044578
-0.18239
0.052646
0.22074
0.014152
-0.29373
0.074772
0.42823
-0.0012976
-0.31933
0.073
0.4209
-0.033073
-0.20808
0.067228
0.28614
0.012128
-0.044522
0.020518
0.064824
-0.0039498
-0.098056
0.018035
0.1166
-0.0073894
-0.093613
0.018122
0.10813
-0.0021756
-0.052275
0.027864
0.060108
0.0023684
-0.0012253
0.012695
0.0094109
-0.0050766
-0.0010636
0.011113
0.012581
-0.00049267
-0.00313
0.0072648
0.012745
-0.0015318
-0.0053993
0.01591
0.011391
