0.037234
-0.0099177
0.052902
0.060275
0.065494
0.015389
0.1466
0.13673
-0.097533
0.019793
0.17612
0.15519
-0.0055745
-0.0091583
0.045272
0.067022
0.058604
-0.014877
0.087985
0.093739
0.15076
0.0079775
0.24982
0.2338
-0.20377
-0.0037935
0.30742
0.19671
0.00078765
-0.019158
0.054676
0.075182
0.050541
0.024499
0.085117
0.091582
0.13524
0.029785
0.32801
0.25647
-0.18961
-0.0090311
0.31153
0.17183
-0.029165
-0.0008836
0.038127
0.039488
0.020005
0.0032228
0.062251
0.07442
0.067005
0.0026096
0.22341
0.18293
-0.12505
-0.0057422
0.17193
0.099674
-0.017235
-0.0031821
0.021735
0.021554
