0.012472
0.0084514
0.14207
0.095905
-0.0050424
0.0068563
0.21893
0.16403
-0.0096506
0.020181
0.18898
0.12375
-0.013328
0.0095913
0.041912
0.045347
0.0030539
0.012288
0.2195
0.17387
0.00013199
0.028978
0.3971
0.2546
-0.010022
0.0021771
0.29106
0.22071
-0.040903
-0.006777
0.10305
0.08362
0.018642
-0.011718
0.14146
0.15335
-0.004037
-0.007764
0.21977
0.32039
-0.051367
-0.013618
0.19856
0.28643
-0.043644
-0.008399
0.084498
0.062255
0.0086151
-0.0046193
0.063806
0.1092
0.00048573
0.018298
0.064043
0.13135
-0.017272
-0.013813
0.069796
0.069636
0.00039963
0.0010676
0.058297
0.03704
