0.0015262
0.0094427
0.078167
0.18348
0.018193
-0.0305
0.079658
0.17389
-0.0077114
0.016863
0.043885
0.081342
-0.00019136
0.018099
0.024823
0.088824
-0.01563
0.034965
0.070343
0.15222
-0.04735
0.08534
0.168
0.36802
0.019503
0.0041363
0.20298
0.44393
0.0073234
-0.026751
0.092483
0.20159
0.0013123
0.0034807
0.041377
0.08549
-0.031892
2.3345e-05
0.081375
0.1844
-0.0014226
0.063297
0.13127
0.36285
-0.014518
0.049659
0.12406
0.35164
-0.012991
0.015918
0.031609
0.083121
-0.013971
0.041328
0.05722
0.11343
0.0016835
0.024282
0.054473
0.17006
-0.0049345
0.0034315
0.030479
0.089713
