-0.011303
0.0056744
0.10401
0.12516
0.0037679
0.018604
0.13905
0.15553
0.035871
0.0035612
0.13038
0.19476
0.0031082
-0.0089236
0.10063
0.12939
0.0041236
0.0027427
0.14792
0.16368
0.015353
0.014644
0.26466
0.23205
0.017131
-0.0056424
0.26643
0.26864
0.0037576
-0.0042379
0.13646
0.22376
0.023645
0.0040224
0.13936
0.13803
-0.011094
0.015931
0.26159
0.19314
0.00078244
-0.015823
0.27765
0.20754
0.010967
-0.025748
0.14438
0.19046
0.025857
-0.020342
0.099407
0.092537
-0.029835
-0.038215
0.15132
0.15122
0.048214
-0.0010987
0.16503
0.15861
-0.019439
0.0078406
0.075482
0.095234
