0.023619
-0.001547
0.096509
0.13634
-0.02912
-0.044923
0.14718
0.21202
-0.036476
-0.038162
0.131
0.2417
-0.0058144
0.010021
0.10509
0.17905
-0.0041967
-0.032551
0.12459
0.18556
-0.063181
-0.07203
0.18385
0.24985
0.028718
-0.071754
0.15559
0.30797
-0.015499
-0.023128
0.081471
0.18051
0.010971
0.0081208
0.096264
0.15267
-0.0073164
0.079684
0.17237
0.25919
-0.0272
0.13394
0.16659
0.33623
0.0062493
0.017813
0.095409
0.22042
-0.010325
-0.0093089
0.051545
0.064622
0.023285
-0.040447
0.089156
0.13692
0.010568
-0.033493
0.12489
0.17355
0.015841
0.038655
0.078243
0.12121
