-0.0031731
0.0064363
0.062523
0.09377
0.0055879
-0.02489
0.097796
0.17762
0.01774
-0.038952
0.094665
0.19962
-0.024206
0.010035
0.069254
0.10586
-0.0041029
0.0090219
0.10833
0.16973
0.014821
0.026171
0.2165
0.37727
0.049481
0.080959
0.15353
0.37479
0.0070448
0.02127
0.09582
0.19143
-0.0085456
0.018045
0.12802
0.17151
0.011758
0.075022
0.17882
0.2775
0.01426
-0.0049098
0.17309
0.31206
-0.017975
-0.032936
0.094192
0.1879
0.031529
0.0098497
0.080519
0.12631
-0.0017855
0.012098
0.069547
0.12859
-0.030133
0.023022
0.077155
0.14223
0.0051897
0.022015
0.058401
0.13162
