0.0044822
-0.0021444
0.0076035
0.0040321
-0.24206
0.012767
0.30669
0.030359
-0.055228
0.0046249
0.089284
0.058472
0.0021931
0.007265
0.0283
0.047855
-0.0033756
-0.0057966
0.010735
0.0086991
-0.36063
0.0027509
0.46059
0.051613
-0.087105
-0.0021763
0.1508
0.059469
0.008853
-0.0066052
0.04309
0.065794
-0.0067696
-0.0035969
0.0090073
0.0070063
-0.32415
0.023364
0.389
0.061801
-0.13186
-0.0028688
0.16773
0.080546
0.0043946
-0.013464
0.024463
0.039897
-0.00297
-0.0057282
0.005759
0.0068154
-0.19419
0.011537
0.24704
0.029839
-0.10268
0.011507
0.11254
0.05772
-0.0036475
0.0053479
0.01099
0.034692
