-0.012963
-0.019097
0.056633
0.17332
-0.032147
0.030178
0.074382
0.34126
-0.042489
0.021044
0.091961
0.23912
-0.032824
-0.0015274
0.059254
0.15916
-0.0088755
-0.0095242
0.082548
0.2125
-0.050781
-0.081452
0.13293
0.26912
-0.078659
-0.067244
0.14522
0.28871
-0.012504
-0.0076526
0.10322
0.1631
-0.0066995
0.010098
0.088555
0.1251
-0.022974
0.071029
0.14582
0.32564
-0.031558
0.088462
0.122
0.33214
-0.017807
0.061775
0.086315
0.17902
0.014246
0.01562
0.098663
0.11367
-0.011986
0.023674
0.072182
0.17774
-0.038238
0.001608
0.065866
0.15315
-0.014643
-0.012557
0.035081
0.12151
