-0.003131
0.012559
0.024108
0.064564
-0.016566
0.01357
0.056797
0.078615
-0.15677
0.03122
0.18069
0.14617
-0.13581
0.006764
0.13737
0.022698
0.014443
-0.011649
0.04228
0.10688
-0.012954
0.020585
0.063149
0.16298
-0.24851
-0.014575
0.2859
0.16057
-0.22115
-0.0049972
0.22575
0.019855
-0.0069752
0.017569
0.05094
0.17483
0.020491
0.026259
0.085561
0.28114
-0.25935
0.04827
0.28966
0.21501
-0.21797
0.0075893
0.21954
0.042816
-0.0063495
-0.0013753
0.027735
0.051778
-0.0043367
0.0052925
0.040878
0.1022
-0.15623
9.1962e-05
0.18856
0.11653
-0.14998
0.002856
0.15149
0.018033
