-0.016515
0.0020997
0.043459
0.09932
0.013234
-0.0078878
0.055064
0.1371
-0.0087886
-0.0055543
0.071627
0.15154
0.00893
0.010543
0.045122
0.11218
0.013739
-0.041661
0.087271
0.25257
0.01757
-0.029695
0.10988
0.31431
-0.010042
-0.0092168
0.093757
0.23291
0.0012768
-0.0019737
0.061377
0.13029
-0.018004
0.011338
0.071932
0.19053
-0.0042736
-0.03103
0.1485
0.37358
0.0019387
-0.061348
0.15527
0.4823
0.016105
-0.072418
0.089046
0.27653
0.00073157
-0.01647
0.029255
0.066154
-0.017967
0.0090775
0.065705
0.093744
0.00074646
0.019721
0.073198
0.2019
-0.015249
0.030205
0.064916
0.16652
