0.0074266
0.018947
0.066008
0.085118
0.020854
0.019147
0.12868
0.1665
0.050267
-0.0046466
0.13485
0.23311
0.012626
0.035276
0.057851
0.15335
0.060369
-0.011498
0.12357
0.17725
0.040308
0.022178
0.22857
0.27064
-0.0025663
0.063857
0.18519
0.3335
0.018987
-0.041276
0.096
0.21253
-0.021244
0.060029
0.13264
0.2197
0.12731
0.01212
0.24931
0.27429
-0.020199
0.044104
0.15891
0.22376
-0.039563
0.024382
0.096281
0.1681
-0.024399
0.030481
0.075252
0.1039
0.0058976
0.0033893
0.12341
0.12305
0.030325
-0.02192
0.15101
0.11946
-0.058546
-0.028595
0.097657
0.11729
