0.0015721
0.0041544
0.004713
0.0068069
0.0096729
0.013235
0.012043
0.016628
0.02156
0.018896
0.027179
0.035555
0.01265
0.011938
0.024444
0.027309
-0.059057
0.24183
0.069411
0.24378
-0.037318
0.19248
0.07701
0.20753
-0.0015839
0.011092
0.036203
0.070456
0.01768
-0.016781
0.027307
0.039306
-0.02984
0.090361
0.042426
0.14843
-0.095619
0.28948
0.11145
0.33248
-0.14226
0.39259
0.1525
0.42113
-0.067841
0.21266
0.081606
0.23057
-0.0010748
0.015845
0.0075967
0.030922
0.0061551
0.022816
0.016853
0.064434
-0.015402
0.04528
0.037036
0.089109
-0.012677
0.076711
0.042673
0.11257
