-0.0013811
0.0059075
0.084501
0.056572
-0.0084817
0.001794
0.13758
0.067467
0.0069001
-0.0041589
0.12441
0.062891
-0.0079653
0.0053425
0.095981
0.046933
-0.00029263
0.0014809
0.14467
0.097965
-0.094212
-0.11843
0.38415
0.24948
0.082624
-0.061803
0.37461
0.20927
-0.0033348
0.012159
0.15121
0.092084
0.01132
0.0041838
0.14691
0.066506
-0.12505
0.11646
0.32517
0.23524
0.088954
0.061013
0.29292
0.16844
0.014895
-0.012905
0.15026
0.080773
0.017137
-0.0033529
0.091235
0.060314
-0.023141
-0.014443
0.14517
0.066015
0.0058606
0.0024716
0.1373
0.066491
0.0071569
-0.0024205
0.091026
0.061047
