0.0036757
0.0012512
0.0088527
0.0052431
0.064085
0.033599
0.067076
0.038374
0.24039
0.13281
0.24064
0.13348
0.039309
0.024583
0.039375
0.024778
0.013051
0.0066282
0.016767
0.011368
0.30937
0.17169
0.31091
0.17322
0.23252
0.12025
0.23253
0.12481
0.024324
0.011708
0.024943
0.015021
0.093626
0.051289
0.096068
0.056033
0.34389
0.19296
0.34402
0.1951
0.084545
0.032515
0.084558
0.042767
0.019843
0.0063752
0.020363
0.010474
0.14357
0.08072
0.14486
0.081875
0.10563
0.06254
0.10563
0.064286
0.026986
0.0072607
0.027845
0.014221
0.0082247
-0.0022638
0.010363
0.0069537
