0.015835
0.0036726
0.016012
0.0095902
0.095468
0.017756
0.18337
0.052424
-0.075568
0.011211
0.17927
0.057509
-0.010758
0.0005294
0.014221
0.011781
0.026663
0.0028982
0.027345
0.025824
0.18107
0.042608
0.37064
0.070632
-0.14965
0.041526
0.33166
0.06423
-0.02501
0.0056933
0.026626
0.021798
0.028265
0.0028268
0.028726
0.020277
0.21281
-0.016172
0.41924
0.060905
-0.1661
0.011404
0.39276
0.066875
-0.028554
0.01154
0.028821
0.02181
0.018359
0.0023137
0.018544
0.01151
0.1523
0.01382
0.25178
0.050224
-0.10204
0.023348
0.26892
0.049517
-0.020502
0.0056181
0.02051
0.013067
