-0.0031591
-0.0089875
0.046519
0.065735
-0.020192
0.0070689
0.082123
0.097275
-0.037374
0.0058086
0.12797
0.16366
0.031006
0.016324
0.16424
0.10141
0.0066832
0.035292
0.050095
0.13627
-0.012097
0.044806
0.09017
0.20173
-0.066338
0.0087832
0.4089
0.21645
0.039942
0.027824
0.15175
0.10948
-0.0080167
-0.0032843
0.05068
0.099723
-0.083109
-0.039932
0.15103
0.15761
0.042973
-0.0019921
0.47376
0.24904
0.026713
0.0043854
0.069486
0.1029
-0.0051029
-0.0065026
0.040578
0.075278
-0.072648
-0.020738
0.24911
0.14242
0.048426
0.013523
0.23762
0.16919
-0.0062036
-0.01535
0.044505
0.076859
