-0.0014558
0.044076
0.060117
0.12557
0.012118
0.040506
0.074601
0.30273
-0.015824
0.046002
0.072028
0.23116
-0.010437
0.0094813
0.040639
0.076309
0.0036924
0.0083929
0.10202
0.19548
-0.021018
0.010232
0.13896
0.34827
-0.0078739
0.016833
0.21081
0.29374
-0.021603
0.017956
0.15852
0.12567
-0.0025967
-0.015635
0.14454
0.16944
-0.034822
0.0077436
0.2105
0.2691
0.01695
-0.039224
0.24241
0.25845
-0.023254
-0.018049
0.17008
0.15945
0.014364
-0.019124
0.040934
0.08719
-0.003852
-0.0089586
0.06892
0.19565
-0.010421
0.0066117
0.062019
0.16987
-0.0043506
0.0020996
0.063679
0.089512
