-0.0012195
0.002266
0.0098868
0.007421
-0.16024
0.041162
0.16626
0.044494
-0.21707
0.05315
0.21756
0.059152
0.027848
0.039095
0.084615
0.042677
-0.00064063
0.00080315
0.015036
0.011205
-0.13683
0.029039
0.14949
0.041084
-0.3712
0.081221
0.3729
0.089965
0.041457
0.052133
0.10531
0.06192
-0.001985
-0.00059585
0.0083601
0.0081661
-0.024574
0.0022527
0.048693
0.023492
-0.39142
0.082758
0.40219
0.092291
0.011735
0.022078
0.091492
0.030302
-0.0014765
0.00078857
0.0048814
0.0043959
-0.0021372
0.0026266
0.013629
0.012512
-0.23932
0.059199
0.24728
0.063884
-0.022958
0.0099866
0.068352
0.01766
