-0.0021226
-0.030597
0.013211
0.042355
0.19845
-0.0083562
0.20766
0.048494
0.077767
0.02865
0.11199
0.055433
-0.00046294
0.025128
0.022995
0.051821
0.0039544
0.0062502
0.0093173
0.012701
0.37766
0.049371
0.37875
0.056605
0.10522
0.049644
0.17401
0.081264
0.010089
0.021953
0.041875
0.049582
0.0089823
0.000965
0.016115
0.022433
0.40272
0.089062
0.40886
0.11302
0.069885
-0.01156
0.13108
0.085446
0.013897
-0.0087637
0.025067
0.040519
0.0045617
0.064152
0.052848
0.10254
0.22417
0.031003
0.24966
0.10494
0.0094594
0.0039904
0.083422
0.059783
0.012034
0.0079457
0.027804
0.045082
