-0.00072982
-0.018635
0.095851
0.15899
-0.013632
0.0020041
0.11012
0.20087
-0.00094202
0.015932
0.093405
0.21178
-0.022464
0.039691
0.097438
0.14524
-0.014272
0.045629
0.12512
0.19624
0.012775
0.0383
0.199
0.21488
-0.014694
0.06628
0.13612
0.24692
-0.01422
0.02215
0.10998
0.17735
-0.0127
-0.0045593
0.12841
0.15831
0.011118
-0.018456
0.22561
0.24362
-0.070284
-0.076033
0.17979
0.32414
0.012045
-0.040175
0.12116
0.25735
-0.010672
0.0094673
0.083164
0.079524
-0.015922
0.012199
0.12232
0.14935
-0.021326
-0.0048561
0.13405
0.24401
0.017078
0.0070221
0.086533
0.18346
