0.014802
0.0069071
0.059475
0.11496
0.020225
0.019928
0.068943
0.14708
0.002764
0.020169
0.082477
0.16795
-0.015059
0.0047083
0.059637
0.097951
-0.0074162
0.010562
0.079378
0.20095
0.017816
-0.022212
0.15367
0.28659
0.0064767
-0.062452
0.15856
0.28939
0.00074808
-0.015109
0.099498
0.1574
-0.017062
-0.0023453
0.082965
0.24875
0.012839
0.039908
0.17831
0.35232
0.026318
0.01913
0.1719
0.36804
-0.008489
-0.020155
0.092508
0.17388
-0.0093269
0.0198
0.054427
0.15955
0.014905
0.010447
0.081818
0.22619
-0.0060609
0.0052241
0.097588
0.23044
0.0062291
-0.015597
0.060772
0.14144
