0.0035046
0.0090469
0.050794
0.086999
-0.033195
0.0070528
0.096017
0.14193
-0.045303
0.071576
0.11455
0.23608
-0.031145
0.030322
0.063369
0.10325
-0.030231
0.024662
0.083906
0.10469
-0.051021
-0.019244
0.15051
0.21155
-0.031695
-0.094494
0.11896
0.32494
-0.033833
-0.035402
0.13366
0.25015
0.0092621
-0.0743
0.08937
0.17249
-0.048123
-0.018464
0.17307
0.29531
-0.072447
0.065989
0.17639
0.3473
-0.0076869
0.036999
0.11919
0.27336
0.0016538
0.0086954
0.070535
0.15572
-0.0014298
0.0022511
0.10335
0.21263
-0.0086891
-0.01009
0.11301
0.17095
-0.0019408
0.01376
0.086465
0.11973
