0.01731
-0.0016689
0.01747
0.011205
0.092889
-0.00492
0.092889
0.03224
-0.029116
0.014842
0.36573
0.061962
-0.048486
0.0069487
0.048613
0.020369
0.024909
0.0034342
0.025283
0.020664
0.12142
-0.0050259
0.12142
0.05298
-0.0038209
0.0057161
0.52894
0.076976
-0.086639
0.014093
0.087279
0.035434
0.023855
-0.001084
0.024036
0.023743
0.10148
-0.0046984
0.10148
0.053263
0.043582
0.012257
0.55037
0.069531
-0.091741
0.016794
0.10691
0.03511
0.014526
0.0019589
0.015131
0.014573
0.059001
0.0053246
0.059001
0.024738
0.060161
0.0027001
0.34327
0.039926
-0.068487
0.0093302
0.0884
0.023101
