0.0041251
-0.016089
0.071913
0.099778
0.0073826
0.03239
0.088343
0.15384
-0.0026175
-0.027973
0.12299
0.19482
-0.028711
-0.016244
0.071878
0.14535
0.0014792
0.010154
0.15684
0.19371
-0.018562
-0.10345
0.19311
0.36857
0.013006
-0.058036
0.21845
0.30743
-0.0064182
0.028177
0.090726
0.17417
0.020871
0.031739
0.11565
0.13991
-0.065734
0.086216
0.16927
0.30177
0.043095
0.078803
0.22097
0.26945
-0.010447
0.039712
0.090015
0.1128
0.0089574
0.0066299
0.076018
0.10336
0.019182
0.008763
0.10716
0.15648
-0.05584
0.013774
0.13478
0.1652
0.034336
-0.0085722
0.098091
0.093105
