0.18501
-0.0034734
0.18514
0.013848
0.12173
-0.012953
0.15418
0.10028
-0.010351
-0.00080814
0.045524
0.095192
0.00052698
-0.00057957
0.032487
0.059425
0.29098
0.006047
0.29098
0.039496
0.16779
0.0027643
0.24145
0.23494
-0.0063239
-0.021409
0.079525
0.18534
0.00318
-0.0025917
0.053286
0.10561
0.29351
-0.0026591
0.29351
0.035977
0.15113
-0.0078904
0.24672
0.17676
-0.004883
-0.020809
0.095196
0.1592
0.013488
-0.0013635
0.064262
0.10088
0.18609
0.0015474
0.18609
0.017125
0.093425
-0.0064637
0.15949
0.16095
-0.0087683
-0.015485
0.060395
0.1482
0.016362
-0.016939
0.037531
0.057856
