-0.011289
0.011771
0.029684
0.052118
-0.015457
0.022789
0.072956
0.108
-0.0028951
0.024863
0.07007
0.086883
0.0055171
0.005747
0.036845
0.064573
0.0068112
-0.037656
0.066979
0.074667
-0.013319
-0.040043
0.10906
0.13476
-0.024911
0.0077796
0.11948
0.25398
-0.0035028
0.002136
0.057882
0.22885
0.024683
-0.015503
0.07309
0.14974
-0.031936
-0.024767
0.13083
0.24554
-0.0030753
-0.072216
0.12781
0.24449
0.00013349
0.0046253
0.075707
0.18467
0.010176
-0.17813
0.024195
0.21588
-0.022824
-0.28624
0.048095
0.35255
0.0098995
-0.25883
0.044649
0.32963
0.016543
-0.18032
0.023402
0.23058
