0.019199
0.012976
0.063309
0.12844
-0.017896
0.038327
0.092048
0.13458
0.0088599
0.055236
0.11115
0.15856
0.0086485
0.02838
0.061713
0.099503
-0.0017671
0.030496
0.084604
0.17283
0.0028761
0.015817
0.15099
0.24724
-0.022441
-0.0061913
0.16781
0.2382
0.015011
-0.0078957
0.077275
0.20848
0.0225
0.014386
0.083742
0.12794
-0.031914
0.045741
0.14221
0.20547
-0.041215
0.024002
0.14568
0.1678
-0.015271
-0.033773
0.069652
0.15806
0.0082263
-0.14995
0.051293
0.21422
-0.015358
-0.2477
0.070643
0.32415
-0.029734
-0.22174
0.077046
0.30359
-0.0047782
-0.11593
0.048833
0.24253
