0.010149
0.0092336
0.060969
0.16329
0.037115
-0.0050443
0.073407
0.17332
0.0036167
0.0039613
0.08635
0.18272
-0.013208
0.0069155
0.053613
0.10356
0.0099759
0.0023134
0.069969
0.1863
-0.0014749
0.043595
0.13494
0.40344
0.0015555
0.029802
0.17145
0.48668
0.02449
-0.018004
0.089523
0.2456
0.011305
-0.0032688
0.085018
0.15745
0.034843
-0.040309
0.08428
0.18306
0.0010605
-0.028969
0.11279
0.23464
-0.0039805
0.012504
0.089993
0.20029
-0.0084159
-0.028341
0.042811
0.086529
-0.0048779
-0.051534
0.081019
0.16721
0.042981
-0.014791
0.1112
0.21907
-0.0084753
-0.034067
0.077762
0.095942
