0.048378
-0.012603
0.073641
0.10768
0.020982
-0.040684
0.093644
0.20895
-0.010528
-0.036235
0.084431
0.18192
-0.011001
-0.024865
0.054936
0.10772
0.039185
-0.033136
0.099128
0.18571
0.010116
-0.097649
0.15263
0.40092
-0.0034103
-0.072395
0.19903
0.27446
-0.00033489
-0.04431
0.13852
0.17532
0.021547
-0.026759
0.064311
0.18501
-0.0029948
-0.038809
0.10745
0.3142
0.021676
-0.074492
0.13008
0.3053
0.0091294
-0.034465
0.072203
0.15058
0.041355
-0.025818
0.10027
0.16341
-0.059786
-0.029681
0.12227
0.19922
-0.007672
-0.081071
0.059421
0.17984
0.018607
-0.047847
0.045573
0.11904
