0.021335
-0.017944
0.072739
0.12559
-0.037957
-0.0002223
0.11956
0.19228
-0.0023788
-0.0031188
0.091657
0.20847
-0.042844
-0.0029809
0.064014
0.1512
0.019071
-0.0048339
0.13622
0.23922
0.056771
-0.0010591
0.19028
0.31033
0.0062833
0.050951
0.15289
0.24669
-0.041504
0.052003
0.094403
0.15021
0.003279
0.01995
0.097941
0.26746
0.058708
-0.049495
0.14567
0.35508
0.010613
-0.12079
0.19363
0.26125
-0.002937
-0.024379
0.089883
0.1364
-0.012284
0.015967
0.063876
0.15128
-0.037175
0.013869
0.10557
0.18277
0.031544
0.026525
0.11015
0.17231
0.0095702
0.010816
0.058998
0.083176
