0.0047337
0.0013282
0.061152
0.039324
-0.01789
0.0051393
0.09418
0.067973
-0.15324
0.012955
0.22986
0.049687
-0.14424
0.0022782
0.14922
0.0082556
0.01197
-0.012601
0.094086
0.052414
-0.013977
-0.0086784
0.14628
0.092834
-0.23716
-0.001531
0.37215
0.094325
-0.22832
0.0022403
0.24362
0.012342
-0.0063866
0.012906
0.093828
0.046979
0.0036185
0.0082532
0.17629
0.10138
-0.24156
0.015228
0.35684
0.083042
-0.23593
-0.0011661
0.23973
0.013257
-0.0099224
0.0014792
0.055975
0.039548
0.0075042
-0.012935
0.1028
0.060615
-0.16112
-0.012755
0.22538
0.045563
-0.14726
-0.0010261
0.14996
0.0084853
