0.0039133
-0.0023538
0.088609
0.066599
-0.014945
0.0075679
0.14053
0.07795
-0.008879
0.0027701
0.13279
0.078281
-0.14755
-0.0047373
0.22716
0.03465
0.01775
-0.00014897
0.13223
0.093087
-0.017726
-0.010843
0.2889
0.1414
-0.033767
-0.010799
0.29801
0.13145
-0.22721
-0.0010799
0.36194
0.065987
0.025128
0.0073975
0.13242
0.064479
-0.031287
0.027411
0.19919
0.11668
0.018941
0.014688
0.20817
0.10503
-0.245
0.0049794
0.33675
0.064937
0.012484
-0.005851
0.10022
0.053186
-0.0062996
-0.0095111
0.16075
0.067071
-0.011081
-0.0076348
0.1112
0.071975
-0.14816
-0.0068847
0.20953
0.035933
