-0.0075518
0.0081217
0.024769
0.04823
-0.0088515
0.015612
0.047298
0.088047
-0.01946
-0.0016778
0.081703
0.1475
-0.16275
0.0057673
0.19935
0.055878
0.0015428
0.0036995
0.071196
0.16539
-0.01943
0.0046715
0.12195
0.27148
-0.0049379
0.019001
0.10875
0.28608
-0.27304
0.0072586
0.30333
0.069581
-0.018942
0.061038
0.063307
0.11041
-0.045956
0.063412
0.12214
0.20064
-0.022628
0.036148
0.10625
0.24298
-0.2821
-0.0065164
0.30469
0.1251
-0.019268
-0.0018593
0.039494
0.05245
-0.036303
-0.010848
0.08557
0.15598
0.0032624
-0.030303
0.067966
0.1685
-0.19229
0.014199
0.20947
0.082995
