0.00011007
-0.0038802
0.047163
0.12009
-0.0094055
0.0076444
0.074788
0.23574
0.032542
-0.0062351
0.089339
0.18652
0.0027024
-0.026204
0.05234
0.082645
-0.0090147
0.016521
0.096994
0.33958
0.062756
0.06583
0.18646
0.42757
0.010784
0.058138
0.12753
0.40983
-0.0090492
0.019673
0.068135
0.2864
0.016452
0.062538
0.078133
0.11755
-0.0085515
0.030946
0.11025
0.23002
0.0080383
0.010839
0.10502
0.23709
-0.011153
-0.003657
0.092493
0.18264
-0.01146
0.010622
0.058077
0.074808
-0.014784
0.02075
0.064125
0.072338
-0.011741
-0.0046306
0.071948
0.086733
-0.018425
-0.011855
0.059546
0.07966
