-0.0053714
-0.029108
0.044118
0.049694
0.0018849
-0.0026198
0.079646
0.059255
-0.021917
0.011144
0.074398
0.044185
-0.0093284
0.026515
0.033172
0.0488
0.017879
-0.10259
0.06294
0.1551
0.030362
-0.12414
0.10109
0.15652
0.0049462
-0.073716
0.10647
0.10649
0.0017667
-0.019651
0.034392
0.052272
0.011765
-0.21143
0.028168
0.22247
0.028895
-0.36645
0.056529
0.37463
0.026092
-0.3973
0.057548
0.40545
0.017411
-0.26286
0.02969
0.26985
-0.0023941
0.012898
0.011253
0.020317
-0.0017344
0.023707
0.015802
0.034292
0.0030461
0.029705
0.021054
0.046156
-0.0041894
0.0052885
0.01289
0.025079
