0.0013603
0.043072
0.020666
0.044772
-0.013345
0.059483
0.039941
0.077863
0.0015659
0.053574
0.036424
0.09694
0.0067476
0.033399
0.019375
0.045154
0.011778
-0.039304
0.040323
0.24985
-0.021292
-0.035401
0.065038
0.38867
0.017792
-0.020433
0.051704
0.37965
-0.001096
-0.014705
0.036874
0.24969
-0.0044755
0.13418
0.050713
0.26736
-0.0093858
0.20268
0.074397
0.377
0.014593
0.1702
0.075095
0.35043
-0.010384
0.09928
0.038369
0.23073
-0.011992
0.017224
0.039715
0.038416
-0.00021453
0.029849
0.048359
0.079137
-0.0068007
0.032293
0.050704
0.093419
0.0031072
0.019011
0.037259
0.051315
