0.0018277
-0.00015092
0.0058145
0.0069355
-0.04867
-0.0011157
0.058891
0.0082642
-0.24823
0.0007951
0.25212
0.0079567
-0.016126
-0.0010717
0.095376
0.0053907
0.0011348
-0.0012764
0.0076365
0.01178
-0.066164
-0.00094992
0.080024
0.017583
-0.39247
0.0078447
0.39917
0.013978
-0.020947
0.0016836
0.1472
0.010511
0.0025487
0.00068006
0.0078113
0.006433
-0.056995
0.00099601
0.071066
0.012712
-0.39987
0.0079227
0.40922
0.012788
-0.0099343
0.0022442
0.15087
0.0082925
0.0016004
-0.0020771
0.0070462
0.0068759
-0.031001
-0.0011235
0.038972
0.0086411
-0.26269
-0.00063123
0.26745
0.010659
0.002299
0.00084384
0.098709
0.0092464
