-0.0077069
0.0017138
0.011575
0.0050797
0.13697
-0.020952
0.1574
0.027041
0.19449
-0.036825
0.19686
0.045852
0.042233
0.00090786
0.045837
0.018994
-0.006639
-0.001305
0.015499
0.010396
0.11155
-0.029806
0.16389
0.044777
0.36123
-0.066135
0.38934
0.087501
0.079855
-0.010765
0.095828
0.047308
-0.001138
0.0018118
0.011201
0.011939
0.00065371
0.0048468
0.060991
0.026818
0.3812
-0.087869
0.40258
0.12507
0.071565
-0.053225
0.09611
0.077996
0.00097578
0.00085957
0.007116
0.0095191
-0.014868
0.0073565
0.022789
0.0132
0.20976
-0.097636
0.23185
0.12577
0.073866
-0.042297
0.096902
0.12873
