0.24048
-0.00065885
0.25234
0.018161
0.025735
-0.027451
0.067474
0.071997
0.01052
-0.013284
0.042568
0.06537
0.00014876
0.0046595
0.026724
0.047654
0.35815
-0.01007
0.38447
0.054653
0.071118
0.027637
0.12505
0.14312
0.011805
0.03164
0.070017
0.11434
0.0069883
0.005931
0.03935
0.063952
0.38185
0.016757
0.38837
0.047642
0.066198
0.02613
0.1197
0.10655
-0.00030972
0.015981
0.05723
0.096453
0.0034862
0.014558
0.030532
0.056725
0.25106
0.0018055
0.26741
0.032673
0.032681
-0.017516
0.065549
0.077634
-0.0067212
-0.024135
0.045092
0.075248
-0.0024947
-0.016825
0.049388
0.078567
