-0.020591
0.043452
0.074794
0.16256
-0.012733
0.021948
0.12672
0.21102
-0.019208
-0.035757
0.14285
0.18275
0.037519
-0.027584
0.12404
0.14839
-0.016887
0.012854
0.090935
0.17376
-0.030388
0.041518
0.17246
0.34354
-0.028362
0.10207
0.23837
0.28629
0.042405
0.023018
0.11781
0.13072
-0.00026033
0.029519
0.10932
0.13229
-0.005833
0.040984
0.14096
0.24586
-0.034657
0.020422
0.16963
0.26084
0.012056
0.031082
0.11738
0.20431
-0.0028271
-0.01453
0.076018
0.10065
-0.043771
-0.046591
0.11445
0.25672
0.022768
-0.015514
0.10176
0.21818
0.016119
0.0010408
0.056065
0.089671
