0.066768
-0.0007945
0.066773
0.017179
-0.039507
0.010628
0.24375
0.046996
-0.06101
0.0039244
0.061125
0.02754
-0.0327
0.0053747
0.032727
0.01775
0.097289
-0.0040971
0.097289
0.022254
-0.061129
0.012195
0.52265
0.088109
-0.099185
0.010517
0.099213
0.034079
-0.049838
0.0098288
0.04985
0.027222
0.089039
0.0032664
0.089169
0.022276
-0.048354
0.016992
0.59078
0.10911
-0.10389
0.018608
0.10414
0.040476
-0.047672
0.006877
0.04778
0.02549
0.05693
0.0046704
0.056941
0.016668
-0.0282
0.01306
0.38805
0.072063
-0.072916
0.0013269
0.073024
0.021318
-0.030666
-0.00087826
0.030712
0.020682
