0.0084361
0.022214
0.036697
0.07129
0.0021935
0.03228
0.069438
0.14626
0.014997
0.011818
0.07703
0.10105
-0.0056345
-0.0043391
0.040168
0.069548
0.018901
-0.0077235
0.045578
0.089422
0.0072396
0.030475
0.071376
0.14884
-0.0044884
0.042319
0.083803
0.17199
-0.0011563
0.015939
0.07081
0.17324
0.010063
0.0026219
0.046963
0.32629
0.03303
-0.0049099
0.083554
0.54291
-0.01649
0.0071926
0.085631
0.48486
-0.0040038
0.017572
0.046118
0.27082
-0.0049642
0.026822
0.038269
0.11244
-0.00044722
0.03553
0.0824
0.16964
0.0087561
0.033096
0.054546
0.17838
-0.0055704
0.015898
0.032411
0.10571
