0.18607
0.0086594
0.20628
0.042284
0.040085
0.030557
0.086698
0.10642
0.00097426
0.032873
0.10602
0.11976
0.0091812
0.015008
0.037363
0.07484
0.30952
0.0028939
0.34589
0.073641
0.071568
0.046828
0.13739
0.21766
0.010499
0.0022754
0.14603
0.19227
-0.023334
0.00069682
0.083817
0.11486
0.30985
-0.0076544
0.32921
0.061474
0.088343
-0.03612
0.14166
0.15438
-0.0050779
0.0054958
0.1659
0.14361
-0.0090031
0.02372
0.11597
0.15666
0.19318
-0.0063334
0.21573
0.052456
0.057307
-0.0070161
0.10115
0.11853
0.022886
0.032811
0.10068
0.10259
0.0052034
0.021565
0.055779
0.061613
