0.033694
0.022848
0.041198
0.045097
0.018225
0.0037236
0.036046
0.040882
-0.00038859
-0.010014
0.030134
0.065822
-0.2351
-0.0029139
0.23927
0.036082
0.031208
0.0042455
0.050103
0.060726
-0.012757
-0.0065621
0.077809
0.08659
0.013876
0.0027761
0.067212
0.11963
-0.36891
0.011644
0.38157
0.048349
0.021249
0.0044343
0.060772
0.066826
-0.0048189
0.025424
0.096858
0.12208
0.028928
0.0078811
0.12227
0.15892
-0.37515
0.0020872
0.41487
0.074513
0.011335
-0.0059864
0.037044
0.040945
0.010207
-0.0039469
0.064368
0.075097
0.0030142
0.011677
0.061311
0.084647
-0.23904
0.0022523
0.26784
0.042686
