0.0015735
0.0023285
0.06383
0.12144
0.006951
-0.0011474
0.14208
0.20622
-0.0056855
-0.0074796
0.11492
0.23539
-0.0033355
-0.0084958
0.057086
0.14914
-0.00046026
0.01094
0.10337
0.17073
0.010236
-0.011112
0.19809
0.25616
0.0097522
-0.0054868
0.22732
0.28856
-0.0018961
-0.0037506
0.09439
0.21083
-0.00088
0.078129
0.05763
0.20415
0.0056509
0.14373
0.0887
0.29808
0.0074647
0.13043
0.1169
0.33276
0.0004806
0.062212
0.039503
0.24511
0.0033766
-0.03908
0.0073124
0.1531
0.0040071
-0.046353
0.011484
0.20622
1.3825e-06
-0.035452
0.015086
0.18251
-0.0020827
-0.017522
0.014763
0.099849
