-0.020668
-0.0010809
0.037456
0.10895
-0.0086149
-0.014798
0.015538
0.21585
-0.017116
-0.030467
0.020971
0.18409
-0.0017202
-0.020339
0.0068151
0.13295
-0.032906
0.0007045
0.06336
0.17877
-0.022458
0.010683
0.030045
0.4139
-0.022678
0.0208
0.029193
0.40712
-0.0048004
0.013514
0.011014
0.2591
-0.04195
0.0062751
0.075443
0.18429
-0.028187
-0.00034609
0.035173
0.39596
-0.022546
0.0015094
0.027884
0.2888
-0.0029625
0.00073431
0.0108
0.25051
-0.020988
0.0085455
0.033571
0.066115
-0.020912
0.015707
0.020912
0.15892
-0.011507
0.019878
0.013649
0.19594
-0.0034426
0.019768
0.0057227
0.14424
