-0.026331
-0.0001576
0.037228
0.027281
-0.023936
-0.018915
0.1342
0.13273
-0.0022912
0.0083112
0.1235
0.22227
-0.0047782
-0.012194
0.092725
0.143
-0.040145
0.0016885
0.075478
0.04568
-0.046536
0.003481
0.25943
0.24239
0.019778
-0.011089
0.2124
0.28593
-0.016643
0.010967
0.15197
0.20194
-0.045474
-0.0038428
0.070265
0.059438
-0.02578
-0.0020396
0.18754
0.30667
-0.00059531
-0.051012
0.19031
0.38701
0.034592
0.023138
0.12364
0.23796
-0.034493
-0.0082735
0.043951
0.040048
0.0039394
-0.0077954
0.10247
0.16975
-0.0037924
0.026266
0.13443
0.21499
0.015806
-0.023963
0.092876
0.12676
