-0.0023488
-0.014042
0.085134
0.088236
0.0070264
-0.0084693
0.16982
0.17647
-0.021233
0.019929
0.1583
0.18406
0.011478
-0.010039
0.11095
0.12097
-0.019278
0.011594
0.16217
0.14513
0.011483
-0.019427
0.24059
0.21438
0.015185
-0.016077
0.28484
0.30338
-0.014189
0.014209
0.17016
0.1522
0.01206
-0.016103
0.16459
0.13321
-0.024351
0.010836
0.23908
0.22419
0.005799
-0.0095888
0.24095
0.23413
0.013588
-0.0084926
0.15417
0.15628
-0.008416
0.0094346
0.10036
0.093863
0.0044713
-0.01709
0.16265
0.14777
0.0036975
0.012539
0.15964
0.15455
0.0027545
0.0021338
0.12224
0.11109
