0.024718
0.053854
0.055866
0.10052
0.0073805
0.081775
0.11019
0.18822
-0.026213
0.034525
0.11524
0.20319
-0.0081662
0.033965
0.053175
0.097578
0.056951
-0.052404
0.078892
0.16422
0.0086469
-0.11174
0.13308
0.3444
-0.028467
-0.12481
0.11189
0.32895
-0.0062967
-0.057308
0.10187
0.15084
0.040262
-0.0070645
0.13303
0.15137
-0.015563
-0.012757
0.22723
0.35027
-0.01464
0.025736
0.24486
0.22973
0.013757
0.013706
0.11805
0.13774
0.001965
0.019438
0.084161
0.075606
0.017449
0.031229
0.14932
0.1781
-0.025331
0.050359
0.13229
0.19241
-0.010943
-0.010121
0.054897
0.063138
