0.00016904
-0.0026492
0.019543
0.1789
0.03108
-0.016856
0.064497
0.25134
-0.11868
-0.0087501
0.19374
0.055295
-0.0062258
-0.00071237
0.0080108
0.0034828
-0.0073841
0.018588
0.027186
0.2838
0.032246
0.025004
0.12005
0.42005
-0.18316
-0.0024763
0.28398
0.10912
-0.0078091
-0.0018233
0.010862
0.0051087
-0.0035011
-0.0026296
0.026018
0.23967
0.018362
-0.025911
0.16975
0.3103
-0.17898
-0.017103
0.30127
0.04991
-0.0063993
-0.0022855
0.010128
0.0040906
-0.0056019
-0.0010974
0.017864
0.1806
-0.003137
0.0043861
0.13254
0.18243
-0.11175
-0.0067792
0.18981
0.034295
-0.0018387
-0.0013717
0.0069782
0.0033307
