-0.017251
-0.015297
0.028285
0.062883
0.018594
0.036343
0.047432
0.14967
-0.0019736
0.040951
0.056061
0.11521
-0.019616
0.0039887
0.027224
0.083483
-0.019022
0.10917
0.053265
0.1386
0.015396
0.035778
0.11419
0.29981
0.024444
-0.047544
0.10104
0.28943
-0.058095
0.0013283
0.077301
0.17561
-0.026673
-0.055457
0.045175
0.26573
-0.047756
-0.059633
0.10114
0.42933
0.0014943
-0.046704
0.091145
0.39677
-0.039417
-0.0093435
0.062613
0.22574
-0.022739
-0.024141
0.044019
0.12143
0.0039756
0.0040212
0.066811
0.21954
0.030554
0.037542
0.062254
0.26024
-0.007231
0.023341
0.036587
0.13698
