0.0090368
-0.00088019
0.023545
0.031575
0.0012122
-0.010455
0.018124
0.041881
-0.0077637
-0.00701
0.015355
0.036142
0.0026447
-0.00117
0.010267
0.020331
0.0051293
0.0079733
0.044097
0.07363
-0.0076321
0.02618
0.035025
0.09942
-0.0044137
0.034063
0.019318
0.091838
-0.0024876
0.010837
0.012752
0.069545
-0.00026293
-0.14079
0.021369
0.31671
0.0018054
-0.22523
0.017045
0.53046
-0.0029971
-0.21444
0.013241
0.53406
-0.010014
-0.1276
0.016143
0.31502
-0.0013965
-0.034322
0.0065302
0.051582
0.0062258
-0.051187
0.0085033
0.10212
0.0038941
-0.053096
0.009729
0.14541
0.0012643
-0.035684
0.0068874
0.12989
