0.002931
0.023268
0.14402
0.087586
0.0099848
0.015123
0.21135
0.15901
0.0053842
0.0033158
0.21211
0.16699
0.026617
0.0061201
0.057411
0.030478
-0.0018045
0.0010443
0.19536
0.12596
0.0041279
0.013245
0.29896
0.2439
0.028147
0.080469
0.28211
0.26421
0.0079805
0.0085306
0.062209
0.036177
-0.00082623
-0.010123
0.24891
0.14573
0.0045005
-0.021862
0.32711
0.17735
0.061637
-0.014194
0.23978
0.16781
-0.020914
-0.0038374
0.047546
0.019699
-0.0057371
-0.0096201
0.15363
0.083219
-0.013641
-0.0099883
0.24763
0.12445
0.053041
0.0082842
0.15238
0.084614
-0.0229
-0.0054762
0.033412
0.010864
