-0.013531
0.032511
0.053951
0.10519
-0.0234
0.0086419
0.070343
0.19758
0.015708
-0.0029183
0.066109
0.19877
0.0079627
0.027138
0.05565
0.1392
-0.01185
-0.0011658
0.068751
0.2146
-0.03826
0.10635
0.096083
0.3506
0.014705
0.086451
0.091369
0.33493
0.018843
0.026457
0.083125
0.19284
0.0028906
0.11212
0.054813
0.21537
-0.001667
0.11024
0.10213
0.35649
-0.0049629
0.085038
0.15356
0.30124
0.041141
0.057422
0.072311
0.16198
-0.020733
0.016524
0.046931
0.14952
-0.0028487
0.039892
0.068009
0.20104
0.0097568
0.093447
0.077673
0.1741
0.0035292
0.063759
0.051243
0.10049
