0.0084383
0.012552
0.082308
0.10016
0.0018682
0.0017349
0.095851
0.19529
0.018834
-0.02296
0.13209
0.17798
0.00026054
-0.0118
0.065263
0.13198
-0.008374
0.067658
0.086868
0.203
-7.2772e-05
0.034178
0.15813
0.27597
0.034857
-0.030176
0.154
0.27717
0.015753
-0.019685
0.082466
0.21722
0.023695
-0.015595
0.062841
0.22511
0.0067227
0.029868
0.094486
0.41437
0.0021625
0.048203
0.084681
0.42912
0.0010492
0.049558
0.047035
0.27598
0.011279
0.02772
0.023765
0.051126
-0.019627
-0.0032988
0.038192
0.093792
-0.01336
-0.051806
0.037668
0.10357
0.0042145
-0.051631
0.015561
0.081579
