-0.0023043
0.004129
0.13998
0.10667
0.014756
0.0016923
0.22387
0.1611
-0.012969
-0.028412
0.21575
0.16443
0.0064612
-0.039303
0.1194
0.11263
0.0053446
-0.019637
0.11557
0.19464
-0.0022618
-0.040373
0.2034
0.33512
0.018375
-0.009552
0.28384
0.33489
-0.0089804
0.00044755
0.204
0.20418
0.0017418
0.010553
0.062611
0.11869
-0.00027328
0.0029679
0.13644
0.2037
0.025644
-0.025516
0.18674
0.28648
0.002478
-0.026224
0.12982
0.21743
0.0067419
0.0061836
0.027802
0.050028
0.0088704
0.019735
0.056131
0.091441
-0.0020565
0.03598
0.060982
0.11989
-0.00056748
0.026616
0.03992
0.088193
