-0.03697
-0.0096991
0.054034
0.068183
0.0052207
-0.011883
0.10152
0.14526
-0.0044825
-0.012112
0.10941
0.16673
-0.0073659
-0.020461
0.095736
0.094526
0.0063611
-0.018584
0.066688
0.16199
-0.0028127
0.019835
0.09563
0.31409
-0.0077163
0.027208
0.088146
0.36505
-0.006691
-0.0023119
0.068969
0.21029
0.020818
-0.010164
0.074517
0.14923
0.0068517
-0.031707
0.10831
0.31533
-0.018921
-0.028958
0.15285
0.37899
-0.0036472
-0.018134
0.078284
0.21093
0.0031553
0.012558
0.015205
0.17629
0.0018693
0.027701
0.031482
0.27785
-0.0044843
0.026767
0.044212
0.27216
0.00079502
0.021121
0.025854
0.15067
