0.0049982
-0.0094303
0.012515
0.094807
-0.0047911
0.0027461
0.021716
0.14529
-0.0089773
0.027955
0.017983
0.14553
-0.010305
0.043892
0.016916
0.082456
0.01188
0.0072601
0.12758
0.15405
-0.0043149
0.0057356
0.22628
0.28901
0.0049633
-0.028012
0.19354
0.26009
0.00011977
-0.025538
0.10251
0.19785
0.0090792
-0.034362
0.17646
0.13143
0.0053685
-0.069889
0.3295
0.21068
0.024502
-0.031475
0.35144
0.2272
-0.0049636
-0.006923
0.17536
0.18
0.007974
0.018891
0.084106
0.10991
-0.014339
0.021377
0.13681
0.19803
-0.00047835
0.011372
0.13213
0.1997
-0.0054999
0.0085321
0.087315
0.12489
