0.021196
-0.0068328
0.098546
0.073004
-0.026433
-0.021111
0.16814
0.1402
0.0069405
-0.049581
0.17482
0.13293
0.0043971
-0.043966
0.089584
0.09322
0.017672
-0.014851
0.13499
0.14426
-0.048886
0.003438
0.28479
0.24099
-0.036685
0.069243
0.31997
0.1921
0.03032
0.055158
0.17967
0.12259
-0.041099
-0.025052
0.094926
0.19443
0.023331
-0.028229
0.13524
0.32305
-0.007533
0.0053514
0.15955
0.36067
0.011954
-0.0062892
0.096797
0.19843
-0.03385
0.020773
0.051657
0.10396
0.00998
0.017211
0.082453
0.16199
0.0069966
0.0046455
0.088096
0.19244
0.0060087
0.014854
0.058209
0.11608
