0.0058008
0.0020002
0.018926
0.0060313
0.12439
-0.020496
0.14123
0.024719
0.15409
-0.0038247
0.22809
0.043239
0.0065028
0.0086882
0.107
0.018754
-0.028039
0.0027129
0.065478
0.014288
0.11275
-0.018242
0.13213
0.026715
0.30106
-0.031245
0.45022
0.063094
0.0097212
0.010481
0.14365
0.023621
-0.028591
-0.0060575
0.065156
0.0093264
0.046071
-3.9496e-05
0.057499
0.012932
0.35986
-0.045151
0.4319
0.077946
0.020323
0.0019631
0.1206
0.021113
-0.0094078
-0.0028411
0.03121
0.0047267
0.046079
0.0030463
0.051007
0.010898
0.23055
-0.04482
0.30516
0.060366
0.03116
-0.012802
0.086886
0.021201
