0.0098228
0.0011374
0.019191
0.010388
-0.21715
-0.017458
0.24625
0.03484
-0.067926
-0.0068381
0.12199
0.045652
-0.0050469
0.004769
0.037042
0.036143
0.016798
-0.00040821
0.031776
0.017144
-0.35467
-0.0040484
0.4053
0.027901
-0.080853
-0.014194
0.19567
0.055994
0.0012326
-0.0027084
0.040883
0.049421
0.020369
0.0052307
0.034683
0.015738
-0.3627
0.0054553
0.4314
0.032135
-0.10374
-0.0025329
0.17281
0.052176
0.0162
-0.013543
0.037648
0.038549
0.016106
0.0027814
0.023737
0.008835
-0.24266
0.004428
0.27448
0.01963
-0.071261
-0.0063563
0.10532
0.031958
0.0053371
-0.0060569
0.018562
0.023433
