0.011993
0.24909
0.017563
0.25454
-0.00098637
0.39034
0.0085608
0.3929
-0.0031218
0.38245
0.012123
0.39693
-4.5368e-05
0.23626
0.010969
0.26462
0.0047188
0.031174
0.022096
0.07888
-0.010081
0.038518
0.031495
0.15108
-0.0041351
0.05307
0.051945
0.13925
0.0025979
0.04604
0.030563
0.094771
-0.0010558
0.0011822
0.035998
0.049459
0.012799
3.6797e-05
0.048779
0.12602
-0.0019468
0.015245
0.050623
0.13775
-0.0083115
0.010015
0.02836
0.046376
0.0022832
-0.0087038
0.026632
0.031619
0.011641
-0.0056332
0.035503
0.053087
-0.0033934
-0.023587
0.044426
0.074037
-0.0033299
-0.023926
0.022989
0.060369
