-0.0174
-0.016869
0.043085
0.055791
0.0082278
-0.039389
0.05693
0.098561
-0.011784
-0.040734
0.059606
0.12148
-0.2053
-0.013248
0.21941
0.072588
-0.036914
-0.010772
0.056188
0.086356
0.039462
0.015654
0.13558
0.18529
-0.033053
0.0067812
0.11169
0.20928
-0.29843
0.0088088
0.3516
0.11809
0.006168
0.029273
0.052892
0.15224
-0.029296
0.006208
0.13284
0.21923
-0.014628
-0.014165
0.081886
0.16152
-0.3057
-0.019865
0.34003
0.10093
0.0010156
-0.025108
0.037323
0.074128
-0.024852
-0.0019377
0.078241
0.15913
0.0092287
-0.003472
0.1041
0.13231
-0.1892
0.023188
0.23802
0.077148
