-0.021292
-0.0037963
0.035492
0.13285
-0.017981
0.0093375
0.054061
0.18262
-0.02158
0.0073141
0.067155
0.14099
0.015414
0.030753
0.0779
0.11243
-0.021294
-0.05505
0.09129
0.27534
0.060907
0.03477
0.12562
0.40044
0.038358
0.13799
0.11893
0.30822
-0.01564
0.086436
0.11082
0.17783
0.012406
0.033491
0.068474
0.17083
0.040455
0.040913
0.14215
0.31316
0.008353
-0.061213
0.11405
0.31943
-0.030459
-0.059504
0.083634
0.20993
0.0068856
-0.056483
0.044139
0.11015
-0.010655
-0.08912
0.069188
0.18565
-0.011439
-0.056066
0.084558
0.16891
0.019503
-0.013823
0.051792
0.10593
