-0.0011875
-0.0087005
0.17913
0.096858
0.0009466
-0.013569
0.24355
0.13448
0.04645
-0.012687
0.17074
0.12286
-0.015713
-0.0030495
0.033968
0.014903
-0.011915
-0.017486
0.26912
0.13149
-0.022307
-0.01441
0.40585
0.1747
0.089376
0.016816
0.24645
0.097032
-0.040078
-0.010608
0.057438
0.01853
-0.021883
0.0094113
0.23738
0.13345
0.005857
0.0064661
0.40722
0.14896
0.067706
0.016493
0.21815
0.085561
-0.041461
-0.012448
0.069769
0.038817
0.014836
0.0048801
0.13525
0.072711
0.014572
0.010399
0.2475
0.090433
0.0029663
-0.018115
0.16093
0.074711
-0.0038514
0.016595
0.065412
0.044606
