-0.00060481
0.014851
0.028649
0.059977
-0.023168
0.02625
0.052547
0.11185
-0.006212
-0.0165
0.049003
0.122
0.016649
-0.021977
0.030731
0.036364
0.0031698
0.0073847
0.047518
0.13473
-0.060576
-0.0023707
0.10262
0.18512
-0.023427
0.03857
0.056363
0.15912
-0.0020568
0.011929
0.034468
0.075626
-0.0055394
-0.17076
0.040248
0.25378
-0.025212
-0.23608
0.067379
0.39772
-0.016974
-0.22452
0.045266
0.40789
-0.014265
-0.13188
0.047835
0.26198
-0.0021238
-0.13037
0.0056319
0.13268
-0.0036652
-0.20257
0.011507
0.20864
-0.0012439
-0.18862
0.00826
0.20169
-0.0011059
-0.12201
0.0081159
0.1383
