0.037119
0.00023886
0.049413
0.12316
0.016781
0.010378
0.052611
0.18456
0.016669
-0.012025
0.072038
0.16995
-0.024083
-0.0041059
0.045691
0.10026
0.015098
0.0039791
0.079681
0.21824
0.059874
-0.017982
0.11536
0.39937
-0.063567
-0.016664
0.11642
0.43356
-0.017502
-0.022969
0.068995
0.21117
-0.02214
0.020391
0.051212
0.19512
0.0032291
-0.018398
0.078419
0.31613
-0.010856
-0.075315
0.121
0.32039
-0.008605
-0.055227
0.065582
0.19901
-0.039544
0.031169
0.062025
0.11935
-0.016524
0.02676
0.065751
0.14377
-0.026475
0.043793
0.058943
0.14898
-0.0038415
0.042145
0.038044
0.11538
