-0.016161
-0.0015772
0.044827
0.0072752
-0.014897
-0.0043745
0.23821
0.097446
0.031151
0.0023069
0.23369
0.10827
0.02187
0.012714
0.1115
0.072265
-0.023268
0.0019964
0.065936
0.021582
0.0067303
0.040375
0.34612
0.17747
0.018542
0.056172
0.27941
0.21459
0.0046793
-0.028429
0.18374
0.16277
-0.021377
-0.0025183
0.064092
0.024141
-0.0091919
-0.02057
0.31065
0.19878
0.00098128
-0.036499
0.29089
0.20794
-0.0052378
0.021525
0.21589
0.15402
-0.019252
-0.00099738
0.045098
0.021487
-0.014196
0.00084306
0.21221
0.1186
0.02558
-0.00070873
0.22818
0.14654
0.010503
-0.0015118
0.1005
0.10152
