-0.0086815
0.011177
0.018729
0.1263
-0.023793
-0.0034263
0.03429
0.12976
-0.014286
-0.034089
0.027343
0.1153
0.0061868
-0.02814
0.016599
0.057998
0.017089
-0.21723
0.036029
0.31833
-0.0091626
-0.35902
0.051179
0.46304
-0.011992
-0.34288
0.056391
0.4054
0.015064
-0.21494
0.039407
0.23044
0.0065792
-0.01112
0.037339
0.091223
-0.027037
-0.010892
0.03562
0.11823
-0.02968
-0.026417
0.039945
0.12503
0.0050579
-0.026717
0.027833
0.095319
0.01302
-0.00067602
0.02067
0.025306
-0.011941
0.0045824
0.018225
0.037542
-0.02494
0.0075324
0.027182
0.045201
-0.0046197
0.0013215
0.012124
0.020788
