-0.0043779
-0.0069005
0.086093
0.12022
-0.013148
-0.00086596
0.12562
0.22963
-0.01866
0.011275
0.10025
0.1938
-0.022841
-0.0012964
0.05968
0.13858
0.005221
-0.0045477
0.095847
0.20668
-0.00038271
0.011437
0.18677
0.30952
-0.038521
-0.010431
0.17937
0.30629
-0.026204
-0.0076498
0.087048
0.21421
0.0011272
-0.0043258
0.11126
0.18155
-0.007317
-0.041814
0.16751
0.28194
-0.025438
-0.054584
0.20242
0.28443
-0.0022941
-0.014321
0.10593
0.20602
-0.0032352
-0.018232
0.070621
0.14724
-0.013539
-0.015426
0.10072
0.18611
-0.00823
-0.0072458
0.10482
0.18862
0.0015353
0.0022297
0.077596
0.12016
