0.0013949
0.001669
0.0029136
0.0028909
0.002169
0.0017665
0.0031236
0.0041778
0.0026062
0.0040432
0.0033827
0.0053468
0.0062346
0.022135
0.006787
0.022735
0.027835
0.080298
0.028383
0.080453
0.078043
0.24513
0.078741
0.2452
0.0904
0.27576
0.1031
0.37132
0.041742
0.11957
0.074566
0.35767
0.014907
-0.0006037
0.088073
0.25258
-0.013975
-0.13918
0.10201
0.38001
-0.015913
-0.20578
0.072801
0.33603
-0.010497
-0.13957
0.031569
0.18007
-0.0070342
-0.025048
0.028149
0.068394
-0.0094827
-0.020799
0.015738
0.04528
0.0059492
-0.0097113
0.0092109
0.015623
0.0051548
-0.0040489
0.0058837
0.0073067
