0.00055104
1.209e-05
0.00095848
0.0019858
0.0004432
0.0010235
0.001501
0.0028885
0.00086914
0.0024093
0.0020405
0.0031733
0.0005207
0.0019118
0.0013589
0.0021846
0.021731
0.18576
0.022343
0.25279
0.026548
0.31397
0.027299
0.43092
0.014179
0.33064
0.015868
0.44438
-0.0032375
0.2178
0.0096947
0.28148
0.015533
0.044218
0.01636
0.15896
0.01649
0.041385
0.01814
0.2564
0.010426
0.025159
0.017635
0.23691
0.00068074
0.013685
0.0077651
0.13943
0.014792
0.004803
0.014932
0.033814
0.0048066
0.014051
0.0049831
0.05136
0.0036926
0.014021
0.0047885
0.049324
0.00034414
0.0078947
0.0022344
0.030896
