0.17534
0.0035058
0.19541
0.087591
-0.0087401
0.014188
0.06799
0.13783
0.027334
-0.023745
0.054058
0.17326
-0.0096311
-0.022909
0.04283
0.1066
0.29099
0.0067464
0.30762
0.13928
-0.0024677
0.051682
0.085865
0.26935
-0.043225
0.050761
0.098442
0.25698
-0.020336
0.012049
0.057624
0.16147
0.27516
0.024123
0.32297
0.14804
-0.0050963
-0.02157
0.072242
0.27024
-0.016179
-0.039795
0.092063
0.19464
-0.0011862
0.013304
0.043449
0.114
0.17527
-0.01008
0.20156
0.075734
-0.01152
0.0037953
0.039134
0.10695
0.016504
0.043004
0.049068
0.10347
0.006994
0.022863
0.044065
0.085823
