-0.011107
-0.011979
0.037473
0.11423
0.013349
-0.030422
0.056785
0.1639
-0.012127
-0.031133
0.055377
0.19178
0.012965
0.0028576
0.03831
0.098914
-0.0052113
0.05193
0.065481
0.1729
0.017816
0.03804
0.116
0.31607
-0.054674
0.038342
0.10991
0.28472
0.020915
-0.037289
0.06293
0.14706
-0.037622
-0.031223
0.072404
0.27468
-0.01279
-0.089068
0.11101
0.36489
-0.04894
-0.033403
0.10489
0.41787
-0.0094228
0.012241
0.058712
0.23221
-0.0080902
0.008202
0.04368
0.12535
0.02809
0.031044
0.068738
0.21956
-0.0032283
0.062801
0.073764
0.21192
-0.0036242
0.03704
0.053564
0.10137
