-0.0086381
0.031861
0.021189
0.046671
-0.001221
0.038681
0.029946
0.062312
-0.045101
-0.00019284
0.053472
0.072809
-0.013128
0.0022787
0.028152
0.032116
-0.021052
0.018983
0.032187
0.035026
-0.058658
-0.02369
0.072569
0.067599
-0.053843
-0.02474
0.071991
0.074617
0.0011009
0.01522
0.027044
0.030253
-0.031212
-0.024682
0.040785
0.037762
-0.057037
-0.026184
0.098222
0.07781
-0.012341
0.027243
0.057751
0.053869
0.0046598
0.013913
0.028033
0.018548
-0.018853
-0.27042
0.020982
0.2725
0.006025
-0.38926
0.045419
0.40572
-0.0092912
-0.38768
0.026561
0.40833
0.00035677
-0.24765
0.014791
0.25727
