0.064915
-0.0033286
0.097539
0.056483
0.024029
-0.0045737
0.095876
0.016345
0.011571
-0.013023
0.23949
0.086381
0.014644
-0.0029561
0.18808
0.071329
0.10509
0.0029471
0.13235
0.11831
0.04449
0.0015543
0.13045
0.042723
0.003136
-0.0018967
0.381
0.17779
0.026643
-0.018154
0.32721
0.11795
0.10025
-0.0022675
0.13329
0.098382
0.062568
-0.0036815
0.1217
0.035279
-0.0020389
-0.0081185
0.42797
0.099697
0.015428
0.0052509
0.32996
0.08689
0.058539
0.010025
0.084689
0.05205
0.046817
0.00096586
0.071903
0.018595
-0.013177
0.015884
0.267
0.051162
0.015203
-0.0048877
0.19615
0.059127
