-0.001532
-0.026711
0.023549
0.11354
-0.015546
-0.02243
0.043097
0.22262
-0.019505
-0.038687
0.044549
0.18836
0.022506
-0.020982
0.039197
0.092114
0.022394
0.039221
0.053148
0.16043
-0.11537
-0.05366
0.17812
0.35121
0.017499
-0.0071536
0.23356
0.30394
0.081032
0.08664
0.12179
0.21045
-0.063494
-0.023178
0.11056
0.14056
-0.015099
0.027656
0.17559
0.35848
0.11769
0.091878
0.17211
0.28224
0.034662
-0.013302
0.096307
0.18123
-0.048287
0.02846
0.056793
0.088549
-0.012185
0.036558
0.057004
0.16432
0.017244
-0.025234
0.05849
0.16115
0.023642
-0.036833
0.047664
0.092824
