0.0023009
0.020895
0.057687
0.11968
-0.048474
0.013212
0.10304
0.21811
0.02033
0.072602
0.10063
0.19016
-0.0030204
0.030358
0.046662
0.099875
-0.008993
-0.04774
0.099991
0.14423
-0.055233
-0.058543
0.12617
0.34032
-0.0026964
-0.18
0.099433
0.37052
-0.010904
-0.10248
0.059029
0.14645
0.011965
0.010958
0.075201
0.20032
-0.050038
0.065009
0.11425
0.3166
-0.10422
0.032098
0.16438
0.34273
0.013602
0.016323
0.068895
0.14187
0.0075869
-0.023437
0.051574
0.13518
-0.051587
-0.023135
0.090228
0.16564
-0.063349
-0.019301
0.096993
0.18285
0.033587
-0.0014297
0.06473
0.094827
