0.0091675
-0.014719
0.040277
0.084787
-0.036196
-0.0099568
0.050266
0.11601
-0.069017
0.025044
0.08254
0.11136
0.014314
-0.032033
0.04984
0.086425
-0.010797
-0.022478
0.067944
0.23192
-0.039947
-0.098312
0.095924
0.2945
-0.026718
-0.069042
0.12923
0.29102
-0.038039
0.0013194
0.106
0.13634
-0.042414
0.015053
0.07132
0.28211
-0.033101
-0.012355
0.090571
0.34541
-0.02846
-0.014772
0.0986
0.28369
-0.01012
0.038733
0.10623
0.18297
-0.010151
-0.029213
0.052289
0.20858
0.0335
-0.0088465
0.096333
0.2746
0.022139
0.044981
0.078467
0.32393
0.011032
0.030729
0.064376
0.16849
