-0.0057545
0.0014154
0.020377
0.04212
-0.0022901
0.0023523
0.044311
0.062055
-0.22563
0.0078404
0.23326
0.06922
-0.12882
0.0021549
0.12905
0.010638
-0.011459
-0.020845
0.041113
0.045915
-0.0040002
-0.030983
0.06192
0.10559
-0.33077
-0.01835
0.35314
0.085093
-0.2055
-0.0014679
0.20614
0.0095552
-0.0044873
0.013375
0.04106
0.077126
-0.013298
0.0025394
0.072303
0.11243
-0.32189
-0.0074278
0.35054
0.07678
-0.20535
-0.0016518
0.20694
0.01184
0.0017315
-0.0084687
0.022998
0.054703
-0.010926
0.008609
0.056906
0.094011
-0.19991
0.014613
0.24433
0.073546
-0.13534
0.0018006
0.13613
0.010744
