-0.0050437
0.0048298
0.031038
0.077069
-0.00031971
-0.014664
0.054081
0.11223
-0.020101
-0.013687
0.052979
0.10085
-0.014793
-0.0047815
0.04131
0.066652
-0.012732
-0.00048594
0.052611
0.13065
-0.019285
0.033163
0.082067
0.19474
-0.046543
-0.0016895
0.10416
0.21238
0.02061
0.0098608
0.080797
0.14442
-0.003549
-0.0017581
0.059074
0.11832
-0.0050931
0.0078676
0.10102
0.17481
-0.049722
0.044595
0.11555
0.17077
0.0073982
0.01834
0.072057
0.13316
0.0010264
-0.18668
0.032987
0.26015
0.015266
-0.28893
0.057245
0.39639
-0.014384
-0.29063
0.053335
0.37771
-0.00030456
-0.18066
0.035923
0.25438
