0.0020965
0.022218
0.048485
0.12859
0.0084035
0.04415
0.082026
0.24554
0.016204
-0.056799
0.072992
0.19546
-0.0069106
-0.065625
0.031681
0.12464
0.045865
-0.054195
0.061072
0.17655
-0.050411
-0.073401
0.092415
0.34379
-0.032196
-0.062751
0.10077
0.38826
0.0339
0.054487
0.08233
0.1716
0.039634
0.013996
0.069973
0.18816
-0.061915
-0.02811
0.090488
0.26077
0.027607
-0.067914
0.085859
0.34266
0.058788
-0.059414
0.077859
0.21936
0.023439
0.012016
0.054123
0.15393
-0.068246
0.069905
0.11222
0.21677
-0.038484
0.078778
0.072814
0.16601
0.016312
0.00036961
0.047435
0.095523
