-0.015487
-0.0014419
0.1172
0.063839
0.018496
0.0093729
0.20888
0.10269
0.014027
0.012647
0.20896
0.10894
0.016458
-0.018414
0.11276
0.064962
-0.00033864
0.0032114
0.17593
0.093624
0.016697
-0.0046634
0.28335
0.19193
0.0289
-0.012268
0.32245
0.17182
0.020809
0.0015287
0.18301
0.1371
-0.0043319
0.00095717
0.18244
0.10541
0.019092
0.013486
0.32639
0.1796
0.030154
0.013028
0.31162
0.19087
0.019669
0.00073622
0.18433
0.091055
-0.0075037
-0.0043335
0.13587
0.056979
0.015716
-0.0089452
0.22958
0.079154
0.020532
-0.0050273
0.20406
0.097088
0.015742
0.0027386
0.10927
0.061094
