-0.0062749
-0.0034894
0.045154
0.0065421
-0.0028317
-0.0031525
0.20729
0.0631
0.0072258
-0.0026253
0.22621
0.1096
0.018749
-0.00062069
0.1416
0.058149
-0.0092837
0.0026276
0.06684
0.025244
-0.0081689
-0.0011358
0.34011
0.11415
0.018972
-0.0082774
0.38242
0.1196
0.030528
0.0019683
0.22215
0.089804
-0.010228
-0.0024918
0.068016
0.01237
-0.017618
-0.0032298
0.37415
0.057852
0.014004
0.0074795
0.38295
0.11416
0.039679
0.00041012
0.21739
0.089629
-0.0059977
0.0018134
0.045539
0.00866
-0.0092547
0.0065646
0.23526
0.049302
0.017617
-0.0032857
0.21907
0.080004
0.019564
-3.6827e-05
0.15744
0.072473
