0.036687
0.0045437
0.065811
0.1168
-0.0069022
-0.02219
0.07524
0.18678
-0.0397
0.040803
0.08566
0.17042
-0.0072485
0.028244
0.051685
0.10574
-0.044132
-0.024853
0.09703
0.18473
0.112
-0.0045204
0.15913
0.26838
0.013567
0.071999
0.11507
0.2484
-0.00081644
0.047799
0.04871
0.12939
-0.004781
0.023328
0.067073
0.25161
0.066054
0.044493
0.12805
0.41206
0.062807
0.017849
0.13555
0.37804
0.023768
0.051122
0.077087
0.20119
0.0039662
0.051624
0.041618
0.10786
-0.012506
0.049957
0.053659
0.14464
0.024011
-0.016129
0.062773
0.25745
0.026286
-0.03721
0.056807
0.18056
