-0.022068
-0.018598
0.055448
0.098556
0.0063798
-0.056125
0.10077
0.17407
-0.048701
-0.040037
0.078504
0.17036
0.0068803
-0.023893
0.04747
0.10568
-0.013824
0.030301
0.049021
0.1867
0.021757
0.093078
0.10766
0.38503
-0.060013
0.10152
0.11761
0.38657
0.021938
0.059677
0.080216
0.18115
-0.013165
-0.059483
0.070037
0.18653
0.055083
-0.1025
0.1265
0.3213
0.0073552
0.00055467
0.13351
0.30558
-0.027121
-0.0020644
0.071083
0.14647
-0.008523
0.034445
0.049672
0.13219
0.012692
0.027067
0.078328
0.17444
-0.0088336
-0.062708
0.084436
0.2255
-0.010034
-0.032123
0.047935
0.15152
