0.0087769
0.085548
0.051343
0.16748
0.0016941
0.10288
0.083487
0.30429
-0.0055413
0.12665
0.067258
0.31746
-0.0080755
0.092912
0.049963
0.16843
0.023539
-0.037176
0.070148
0.17137
0.0062044
-0.029023
0.13387
0.26704
0.034053
0.0024935
0.13167
0.35801
-0.017615
0.0078228
0.0816
0.17036
-0.015552
0.028685
0.096156
0.18705
0.035896
0.03323
0.14883
0.28653
0.030267
-0.019845
0.14576
0.24
-0.0015524
0.027531
0.079412
0.11831
-0.0073126
0.037014
0.045284
0.10779
-0.018504
0.023652
0.061402
0.20015
0.0055136
0.015249
0.071717
0.19735
0.031007
0.0043891
0.051405
0.14425
