0.034188
0.016057
0.061887
0.11847
-0.011144
-0.0181
0.12248
0.23676
-0.0077403
0.061905
0.097342
0.20076
-0.016768
0.010442
0.058546
0.060759
0.0059843
-0.0041731
0.099934
0.21273
0.010458
-0.035198
0.21298
0.28877
0.029967
-0.034942
0.3438
0.2287
-0.055977
-0.022351
0.12486
0.09822
-0.0031941
-0.012549
0.15908
0.19916
-0.0033757
-0.0183
0.16769
0.27649
-0.026053
-0.044203
0.20642
0.2611
-0.023583
-0.012298
0.11641
0.1225
-0.0010954
-0.00366
0.04517
0.17317
0.0045108
-0.027454
0.06571
0.23958
-0.0010339
-0.0194
0.062838
0.18928
0.004992
-0.0039362
0.036939
0.11096
