-0.018645
-0.017927
0.074637
0.13736
8.4491e-05
-0.046103
0.096313
0.16171
0.021493
0.0067054
0.099086
0.19678
0.01027
0.0082601
0.055523
0.10587
-0.04848
0.016942
0.12551
0.21933
0.05078
0.082286
0.1895
0.33345
0.020839
0.065217
0.1743
0.26625
-0.0029813
0.023349
0.091307
0.10992
-0.0046941
-0.028922
0.12319
0.23685
0.039762
-0.031011
0.15662
0.30214
-0.025271
-0.004796
0.15832
0.25723
0.015306
-0.013279
0.1038
0.17616
0.01565
0.017505
0.076381
0.16648
-0.0092541
0.00072789
0.11988
0.269
0.020013
-0.014092
0.12356
0.1979
0.0033969
-0.010339
0.067777
0.13672
