-0.0031794
-0.022943
0.0061514
0.03376
-0.0071857
-0.048301
0.0092529
0.0645
-0.01046
-0.060041
0.011397
0.068464
-0.011159
-0.0488
0.012546
0.055281
-0.0085244
0.0085551
0.070194
0.1772
0.0075668
0.04156
0.091305
0.28051
0.011004
0.0070312
0.19775
0.21007
0.014029
0.045044
0.0963
0.15564
-0.017448
0.018603
0.19229
0.12581
-0.0010383
0.0069334
0.43238
0.10694
-0.018522
0.004712
0.48032
0.044081
0.023552
-0.0040634
0.23614
0.023686
-0.015576
-0.013506
0.13283
0.074547
-0.020332
-0.04565
0.25014
0.11294
-1.466e-05
-0.044836
0.24448
0.084435
-0.0012801
-0.04377
0.10959
0.083086
