-0.0021029
-0.0020111
0.10389
0.10222
-0.0046388
0.00269
0.13607
0.17171
-0.016236
0.0085593
0.15249
0.18585
-0.0054629
0.0061424
0.10046
0.11636
-0.0035453
0.028124
0.14557
0.17812
-0.0093703
0.026195
0.18717
0.36003
-0.063312
0.022883
0.23936
0.3413
-0.013393
0.008155
0.20382
0.20174
-0.0018239
-0.010865
0.065174
0.15995
-0.034343
-0.020041
0.10858
0.25204
-0.021374
-0.04133
0.20707
0.31398
-0.036585
-0.0027996
0.15862
0.17025
-0.005694
0.0045931
0.027181
0.082705
-0.017073
-0.021207
0.04363
0.13907
-0.0071844
0.0073318
0.08074
0.13959
-0.01455
0.012198
0.043745
0.070479
