-0.0062355
0.0046255
0.038302
0.05937
-0.033809
0.03729
0.066686
0.15661
-0.010668
0.02282
0.061033
0.15351
-0.002086
0.033477
0.032737
0.10117
0.055945
-0.07896
0.087693
0.17959
-0.011267
-0.074251
0.12378
0.23883
0.052255
-0.038121
0.143
0.36694
-0.018548
-0.018541
0.092859
0.17502
-0.016437
-0.042343
0.096066
0.15976
0.024826
-0.11777
0.10293
0.27856
0.083431
-0.008937
0.13994
0.39174
-0.041469
-0.03039
0.079565
0.23702
-0.017285
0.042897
0.05889
0.18249
0.028918
0.1251
0.10645
0.21031
-0.025571
-0.0074087
0.11549
0.24168
-0.0051249
-0.025216
0.045173
0.16034
