-0.0039979
0.01385
0.09553
0.13355
-0.038683
0.0021877
0.12722
0.14166
-0.064685
-0.0058522
0.1124
0.17232
-0.038183
-0.0034096
0.040337
0.033814
-0.02746
-0.013689
0.1524
0.17414
-0.021543
0.0043767
0.28605
0.31429
-0.10591
0.028386
0.20796
0.21087
-0.063406
0.0010081
0.065304
0.042113
-0.018254
0.0047979
0.21708
0.22015
-0.0088255
-0.012643
0.29219
0.31664
-0.11378
-0.01152
0.20197
0.1413
-0.064904
-0.0038567
0.069383
0.032908
-0.021857
0.023923
0.11622
0.14466
-0.037677
0.016222
0.2105
0.20776
-0.071838
-0.0070294
0.14729
0.13518
-0.038178
-0.0036753
0.038891
0.018428
