-0.050718
0.0015129
0.064849
0.02855
-0.049858
0.031693
0.11966
0.070963
0.027419
0.0066757
0.060227
0.052402
0.019788
-0.011856
0.029877
0.030381
-0.017663
-0.018922
0.097005
0.052363
-0.088955
0.024286
0.17681
0.10506
0.027177
-0.0010586
0.10315
0.13303
-0.0051641
0.0020437
0.049541
0.095645
0.021882
-0.015629
0.088491
0.058253
-0.076603
0.039691
0.15616
0.10812
-0.0063633
0.027877
0.12839
0.10924
-0.0063871
-0.0034385
0.061088
0.090362
0.012598
-0.22904
0.070801
0.23791
0.0019297
-0.35487
0.11037
0.38375
-0.023241
-0.32326
0.083943
0.38687
-0.015489
-0.20968
0.034845
0.22865
