-0.017167
-0.0082462
0.033139
0.13749
-0.014511
0.012608
0.052378
0.1788
-0.02397
0.0046477
0.063639
0.14877
0.023281
0.025218
0.077978
0.12073
-0.021198
-0.039986
0.080207
0.25807
0.040739
0.035267
0.10357
0.41023
0.033553
0.12841
0.11044
0.35489
-0.014622
0.071352
0.10726
0.17747
0.006064
0.023886
0.061913
0.16455
0.032555
0.032379
0.12318
0.32022
0.0050215
-0.051838
0.10238
0.35544
-0.029232
-0.045227
0.078201
0.20137
0.0059966
-0.04387
0.040202
0.10274
-0.017132
-0.072105
0.063648
0.1611
-0.0080586
-0.042644
0.078502
0.15592
0.013363
-0.0093546
0.046373
0.10019
