0.12949
0.0012588
0.16602
0.075311
-0.01175
0.013975
0.057576
0.18669
0.00333
0.045889
0.063415
0.21354
-0.00092665
-0.013545
0.045678
0.10649
0.20734
-0.005983
0.25457
0.13813
0.017476
0.0049708
0.09452
0.2668
-0.033235
-0.035998
0.090241
0.31551
-0.054321
-0.018757
0.082105
0.20649
0.19338
0.001544
0.25049
0.14671
0.0066356
0.022823
0.095239
0.24313
-0.088643
0.01932
0.14427
0.31396
-0.0011807
0.027498
0.067946
0.16527
0.13141
0.0071806
0.1692
0.10675
0.012118
-0.025598
0.073124
0.13403
-0.036712
0.027087
0.077992
0.16318
0.0030967
0.014306
0.038491
0.085791
