0.0012296
-0.0078397
0.010731
0.070556
-0.038258
-0.046815
0.048258
0.12487
-0.034123
-0.066105
0.061423
0.13095
-0.028522
-0.01144
0.043692
0.062261
0.00096838
0.026844
0.016894
0.17553
-0.015882
0.073423
0.037368
0.29102
-0.00048816
0.087144
0.048322
0.37154
0.00072668
0.042
0.03761
0.25271
-0.003841
-0.17816
0.010389
0.25288
-0.023287
-0.28499
0.02942
0.35863
-0.036129
-0.28793
0.040494
0.35872
-0.028299
-0.17313
0.03046
0.20114
-0.00075116
-0.023444
0.0028776
0.035445
-0.0023643
-0.028335
0.0081234
0.050837
-0.0024046
-0.018823
0.010308
0.040345
-0.0014713
-0.0056383
0.0043205
0.019051
