-0.0010356
-0.0050507
0.029384
0.14225
-0.0078398
0.017412
0.034407
0.21427
0.024959
0.0019093
0.040891
0.219
-0.021993
-0.015832
0.030305
0.14892
0.0038273
-0.025162
0.038965
0.13478
-0.01227
-0.087356
0.047199
0.27121
-0.018538
-0.095062
0.064596
0.238
0.0024081
-0.0059005
0.039127
0.14379
-0.023622
-0.038877
0.038556
0.2506
-0.0074658
0.0026072
0.081759
0.48989
-0.016281
-0.042499
0.07695
0.37889
0.024757
-0.0081065
0.07518
0.20841
0.011384
0.04738
0.037583
0.12014
-0.073464
-0.034057
0.11189
0.20432
0.034017
0.0042479
0.13057
0.15891
0.030013
0.03241
0.068026
0.13222
