-0.033152
0.0047381
0.051564
0.073038
0.0039292
-0.047619
0.063135
0.11928
-0.0055755
-0.068195
0.058651
0.17366
-0.003926
-0.023501
0.035619
0.13862
-0.06006
-0.018526
0.10991
0.17048
-0.062784
-0.10121
0.10323
0.31335
0.051575
-0.094455
0.13119
0.3232
-0.024484
-0.044152
0.084119
0.23064
-0.032196
-0.056724
0.089119
0.20257
-0.066523
-0.0094586
0.10846
0.36013
0.045121
-0.041733
0.12602
0.30487
0.027205
0.014191
0.084171
0.16462
0.0084643
0.084304
0.044235
0.20029
-0.036729
0.091843
0.079385
0.24983
0.015551
0.097709
0.083952
0.18257
-0.0033178
0.054107
0.058347
0.12518
