0.0071393
-0.0071281
0.056354
0.14343
0.0073416
0.0092853
0.11656
0.2127
0.0039138
0.00019868
0.096806
0.18988
0.0090458
0.0045415
0.050005
0.10117
0.020325
0.0063109
0.077044
0.22906
-0.016118
-0.042714
0.13756
0.31499
0.011585
-0.028756
0.11799
0.38387
-0.0032012
0.0032232
0.080563
0.17052
0.0072079
0.0087963
0.072024
0.25229
0.016442
0.018775
0.14702
0.28854
-0.010038
0.041781
0.16259
0.34075
-0.0042105
0.0055796
0.074809
0.2136
-0.010393
-0.013415
0.070214
0.13666
0.012557
-0.021066
0.072405
0.14905
0.01191
-0.014494
0.071326
0.18829
-0.0027949
-0.010328
0.046658
0.12935
