-0.016655
0.0056274
0.034826
0.063791
0.00090176
0.040752
0.063077
0.156
-0.012793
0.029442
0.050857
0.16162
0.017154
-0.004441
0.048126
0.095705
0.034046
0.02288
0.062879
0.23475
-0.080102
0.0051552
0.17154
0.33402
0.0088242
-0.0066441
0.092844
0.2803
-0.015461
0.059445
0.059556
0.16975
0.05605
-0.06379
0.079682
0.21052
-0.044211
0.013604
0.16026
0.35272
0.074054
0.088128
0.15614
0.30821
-0.035505
0.0019454
0.1353
0.2373
0.014994
-0.064754
0.041327
0.12436
0.022051
-0.13674
0.052878
0.20289
0.042012
-0.12442
0.061484
0.20151
0.02616
-0.01234
0.060268
0.14772
