0.0048778
-0.010538
0.029954
0.12709
0.010104
-0.042155
0.033648
0.19786
-0.014352
-0.057554
0.043696
0.20118
-0.0016873
-0.043004
0.02736
0.152
-0.047231
0.041467
0.071267
0.10815
0.021563
0.096912
0.074712
0.28758
-0.060698
0.025656
0.095238
0.36085
-0.037569
-0.048651
0.0752
0.23508
-0.054437
-0.0083236
0.065613
0.096024
-0.039134
-0.084095
0.1639
0.32595
-0.061206
0.017475
0.15778
0.44727
0.059316
0.10433
0.10901
0.20556
-0.035934
0.0078811
0.040318
0.095974
-0.0488
0.023095
0.083239
0.14601
0.027359
-0.019897
0.052758
0.14605
0.028357
-0.021757
0.046879
0.1182
