0.013814
0.032477
0.038667
0.14677
-0.047751
0.06013
0.084071
0.15223
0.053536
0.0011367
0.10578
0.17241
-0.02229
-0.01824
0.058575
0.21544
0.033858
-0.034306
0.073875
0.17759
0.00090352
-0.0018193
0.17047
0.27845
-0.10732
0.014715
0.16202
0.27799
-0.038096
-0.075898
0.075469
0.24199
0.0097497
0.027774
0.054433
0.12031
0.014408
0.033535
0.12622
0.32306
-0.13683
-0.012136
0.14902
0.38496
-0.022312
0.03184
0.070437
0.26106
0.010862
0.012622
0.066114
0.072593
-0.01321
-0.030722
0.084188
0.14683
-0.048205
0.020702
0.073446
0.20262
0.0014718
0.03856
0.025152
0.13283
