-0.01439
-0.00037951
0.048077
0.10757
-0.028149
0.03328
0.064635
0.19916
-0.06055
0.044647
0.093959
0.26301
-0.010228
-0.0063418
0.04927
0.14803
-0.0062026
0.022098
0.048478
0.11309
-0.069969
-0.024608
0.13786
0.15903
-0.031329
-0.033028
0.14887
0.29222
-0.0294
0.012756
0.086391
0.23968
-0.0077614
-0.067755
0.078872
0.1881
0.022126
-0.0431
0.13571
0.29046
-0.090299
0.045599
0.17427
0.41922
-0.070282
-0.048649
0.12554
0.22574
-0.010868
-0.016137
0.044584
0.14511
0.014425
-0.049822
0.074867
0.19847
0.0080554
-0.044421
0.10607
0.1976
-0.054116
0.050325
0.076454
0.12032
