0.020524
-0.01443
0.051818
0.10378
-0.080452
-0.023213
0.14995
0.1497
0.042058
-0.034359
0.16997
0.17709
0.0034629
-0.0052398
0.056026
0.12411
0.005266
-0.017891
0.078618
0.16266
-0.057914
0.026345
0.16487
0.34309
0.021716
0.016513
0.30367
0.29327
0.0022299
-0.03346
0.1014
0.15579
-0.022578
0.0039192
0.075116
0.13717
0.049753
0.0093331
0.14363
0.2323
-0.031716
0.023805
0.29206
0.24811
0.027015
0.045678
0.094991
0.18145
0.025414
0.0046445
0.064992
0.096662
0.0054301
0.027944
0.10116
0.14991
-0.040733
0.0082001
0.19714
0.16649
0.01707
-0.002002
0.083943
0.19214
