0.063084
-0.039279
0.090386
0.10702
-0.014189
-0.057106
0.066345
0.17369
0.0021462
0.012174
0.051249
0.23593
0.0098985
-0.0049462
0.035042
0.12664
0.06107
-0.00031476
0.082565
0.11267
0.00084496
-0.040476
0.1372
0.29448
0.022055
-0.12696
0.11123
0.40585
-0.012687
-0.049845
0.078135
0.23588
0.068038
-0.022657
0.13848
0.13934
-0.034282
-0.046563
0.21906
0.30082
-0.049072
0.0038711
0.097924
0.28254
0.017585
-0.012061
0.035921
0.14418
0.012936
-0.01426
0.062069
0.16717
0.060525
-0.0052366
0.13876
0.23763
-0.018935
0.026484
0.10669
0.19631
-0.019173
-0.0066526
0.050713
0.083779
