0.038908
0.016376
0.065374
0.11427
-0.04414
0.029158
0.10137
0.14089
0.0096792
-0.021995
0.079884
0.1526
-0.035044
-0.021546
0.051591
0.074052
0.031265
-0.0075776
0.10039
0.17814
0.0014388
0.0018806
0.14804
0.26482
-0.088945
0.036777
0.13131
0.27491
-0.02376
0.0013426
0.051935
0.094675
0.0099516
0.0041889
0.067057
0.13507
-0.0089168
-0.12577
0.09199
0.38283
-0.024361
-0.14442
0.095851
0.35551
0.023363
0.00070079
0.054942
0.22315
-0.0018907
-0.047604
0.054713
0.16542
0.016162
-0.0036139
0.092243
0.25795
-0.030066
-0.003452
0.081924
0.33533
0.02732
-0.044803
0.049865
0.14581
