0.00094812
-0.025349
0.040356
0.21667
-0.025444
0.010555
0.079242
0.30596
-0.0089387
0.043738
0.059861
0.27136
0.011788
0.040193
0.032862
0.16737
0.045532
0.052548
0.0589
0.26007
-0.023967
0.071232
0.10455
0.40423
0.011847
0.10075
0.10864
0.27782
0.023203
0.062374
0.068905
0.19203
0.013805
-0.018089
0.045113
0.16389
0.014835
-0.072198
0.09006
0.33853
0.011515
-0.0243
0.1469
0.22918
-0.0025068
-0.051223
0.075078
0.12187
0.012976
0.0088387
0.081357
0.10552
-0.025586
0.017217
0.091965
0.14401
-0.019124
-0.015693
0.065293
0.13977
-0.020411
-0.030944
0.050237
0.082869
