0.0019713
0.010319
0.010337
0.042054
-0.011648
0.041738
0.047259
0.091606
0.016209
0.050303
0.024702
0.10623
-0.0044086
0.039194
0.011182
0.067883
0.0031006
-0.14974
0.020053
0.29626
-0.0080542
-0.2499
0.031647
0.49351
0.0015459
-0.27441
0.019315
0.50854
0.00023294
-0.18556
0.0083194
0.32585
-0.0032198
-0.064247
0.0097546
0.099355
-0.0059097
-0.089909
0.014481
0.12552
0.0048825
-0.081184
0.012545
0.12019
0.0048336
-0.045567
0.0096035
0.09155
0.0021874
0.0033071
0.0081939
0.019557
-0.0060122
0.0038885
0.0098226
0.021852
0.0016786
0.0037442
0.0083765
0.016866
0.0022138
-5.3311e-05
0.0054204
0.020578
