-0.0010707
0.21603
0.0059597
0.21705
0.001533
0.33208
0.0103
0.34007
-0.0050058
0.33131
0.01384
0.33707
-5.7047e-05
0.20533
0.0083143
0.21306
-0.016096
0.10291
0.037795
0.1986
0.029327
0.15699
0.064217
0.26297
-0.021824
0.17844
0.056695
0.24471
0.00010555
0.11147
0.034361
0.17168
-0.0050536
-0.0047339
0.046318
0.075327
0.0094948
0.00071317
0.080622
0.12148
0.020014
-0.011879
0.056038
0.10769
-0.0045543
0.0040938
0.028732
0.082029
-0.011484
0.0048821
0.028138
0.0448
0.016
0.0042885
0.054707
0.084002
-0.010411
-0.0010456
0.043276
0.089731
0.0041356
-0.00563
0.02491
0.062205
