-0.013183
0.026344
0.031712
0.060879
-0.0090764
0.028653
0.050774
0.071404
-0.0089604
0.021853
0.0497
0.10212
-0.21797
0.0042164
0.22504
0.038568
-0.031887
-0.0015127
0.055478
0.094893
-0.017794
0.015533
0.083952
0.15214
-0.042211
0.0016443
0.097648
0.16985
-0.34022
0.0077839
0.3547
0.087214
-0.034729
-0.022628
0.044034
0.11919
0.00079466
-0.029057
0.07797
0.1994
-0.0308
-0.015674
0.099737
0.17938
-0.34279
0.01224
0.37444
0.1162
-0.018264
0.014786
0.028817
0.085392
-0.032896
0.015647
0.054953
0.15239
-0.0034407
-0.0087181
0.047518
0.11539
-0.21676
0.00081445
0.23933
0.063855
