0.0096636
-0.051735
0.030851
0.11025
0.041435
-0.061235
0.07465
0.22367
-0.025136
0.009802
0.072742
0.17916
-0.00074342
0.023078
0.038447
0.083897
0.0026276
0.058917
0.057081
0.16194
0.10707
0.05557
0.1396
0.26657
0.017067
-0.0056706
0.11727
0.23134
-0.032811
-0.043264
0.058492
0.1295
-0.02769
0.047374
0.058607
0.13886
-0.039509
0.042566
0.12119
0.37039
-0.046407
-0.023124
0.11099
0.49202
0.0073167
0.00038166
0.055095
0.25514
0.017562
-0.043542
0.037106
0.094353
-0.028996
-0.031899
0.055435
0.17241
0.026325
0.018086
0.07109
0.25799
-0.02808
0.020244
0.056649
0.12907
