-0.007948
0.0020252
0.020953
0.066657
0.022741
-0.019901
0.035653
0.10188
-0.021611
-0.013502
0.041931
0.1057
0.00090285
-0.0028805
0.027395
0.076441
-0.029129
-0.023243
0.048145
0.15181
-0.016299
-0.049143
0.064023
0.18477
-0.0063273
-0.038276
0.061129
0.22204
-0.0074835
-0.019342
0.038573
0.16365
-0.0090439
-0.037709
0.044954
0.21958
0.010396
-0.03608
0.066916
0.30778
-0.021927
-0.025102
0.074322
0.28485
-0.0052879
-0.03935
0.055933
0.19106
0.0013673
-0.19225
0.010041
0.20474
0.0031303
-0.3
0.016823
0.31552
-0.0060793
-0.30205
0.018396
0.31563
-0.0093965
-0.18211
0.019939
0.19063
