-0.0069675
0.005986
0.063068
0.18545
0.035206
0.032389
0.087966
0.23342
0.0077732
0.010716
0.086322
0.18045
-0.022187
0.011724
0.046981
0.096874
0.02443
0.018238
0.057258
0.14665
0.038455
0.039626
0.072398
0.25486
-0.015023
0.0079487
0.1201
0.26737
-0.0010905
-0.015349
0.077175
0.18922
0.02649
0.0075393
0.056895
0.18535
-0.03472
-0.037168
0.090447
0.30734
-0.083812
-0.12483
0.11388
0.46984
0.040151
-0.093814
0.073665
0.1935
0.0067872
0.0070224
0.036432
0.13935
-0.014761
0.013264
0.092634
0.21845
-0.077684
-0.0025931
0.097906
0.24421
-0.013353
-0.021194
0.047048
0.092954
