0.0065451
0.020743
0.090324
0.093803
0.024186
0.0064856
0.1776
0.17788
-0.032139
-0.0050335
0.20234
0.19845
-0.016723
-0.0096088
0.10046
0.11143
0.03917
-0.04587
0.17612
0.18301
-0.027746
-0.051712
0.26103
0.35867
0.016056
-0.047654
0.25891
0.28855
-0.043843
-0.010178
0.12577
0.14775
0.0373
-0.028001
0.12826
0.12818
-0.02229
-0.024959
0.23377
0.29979
-0.006585
-0.037188
0.18995
0.24633
-0.033016
-0.024562
0.073767
0.14261
0.017419
-0.0089513
0.057095
0.057974
0.00061251
-0.026915
0.090906
0.092987
-0.0045512
-0.029446
0.081718
0.091963
-0.014978
-0.0092258
0.042906
0.066721
