0.065372
0.029401
0.098418
0.094868
-0.030661
0.025938
0.051614
0.15639
0.030133
-0.016766
0.048755
0.13255
-0.018593
-0.021942
0.036345
0.081853
0.1011
-0.044688
0.15314
0.22606
-0.071096
-0.039748
0.10371
0.34005
-0.025578
-0.024961
0.086916
0.31605
-0.0074313
-0.010125
0.048992
0.19922
0.11095
0.0069707
0.15507
0.27501
-0.01627
0.058293
0.094852
0.39959
0.0087841
0.092338
0.083657
0.34116
-0.01746
0.067834
0.075453
0.16109
0.078205
0.017409
0.088426
0.095452
0.0040296
-0.00084911
0.048068
0.19224
-0.0054483
0.009312
0.073722
0.13568
-0.00769
-0.0094982
0.049341
0.06786
