0.00021043
0.21595
0.02734
0.2551
0.0026497
0.33067
0.049436
0.39584
0.012383
0.31546
0.036872
0.39454
-0.0015768
0.20686
0.023683
0.27
0.01283
-0.0064509
0.056645
0.11372
-0.0025066
0.020826
0.093743
0.16351
0.020082
0.012184
0.10556
0.21645
-0.0062726
0.020462
0.051653
0.1288
-0.0076353
0.015774
0.060924
0.094717
0.025227
0.0034152
0.10596
0.13877
-0.0023162
-0.012152
0.11142
0.13278
0.0047318
-0.0035757
0.072073
0.075218
0.0026795
0.0012625
0.03764
0.056822
-0.010602
-0.015165
0.045345
0.065728
0.027994
0.0084709
0.054698
0.093924
-0.011132
0.00015026
0.039843
0.067762
