0.016372
0.0043321
0.033642
0.09881
-0.011944
-0.015697
0.063399
0.19161
-0.015469
-0.11106
0.06202
0.30078
0.024319
-0.073747
0.050575
0.13685
0.027121
-0.049468
0.057155
0.21085
-0.07356
-0.066076
0.15366
0.31037
-0.11803
-0.043848
0.15346
0.31972
0.040372
-0.031688
0.085178
0.132
0.046834
-0.019242
0.1036
0.2841
-0.0016542
-0.075508
0.13978
0.26702
-0.074325
0.069922
0.11144
0.27554
0.025062
0.05586
0.096976
0.19811
0.0004079
0.012193
0.065605
0.12784
-0.044837
0.00031908
0.12981
0.17921
0.066094
-0.02468
0.10044
0.15147
0.0045113
0.037262
0.043165
0.09578
