-0.001089
-0.014717
0.015093
0.042964
-0.0038716
-0.025857
0.018444
0.089793
0.0070569
-0.013749
0.022309
0.064951
-0.0029304
-0.0062843
0.021485
0.055036
0.0093643
-0.0044313
0.022618
0.076112
0.020613
0.025781
0.037166
0.16032
-0.014074
0.020794
0.038821
0.14411
-0.012116
-0.0044131
0.02303
0.069553
0.0051043
0.071704
0.028232
0.11328
0.023681
0.11524
0.042311
0.20503
-0.020055
0.13632
0.046474
0.23566
0.012902
0.10783
0.037514
0.1655
0.01911
-0.15753
0.022556
0.21827
0.013909
-0.26556
0.025418
0.41707
0.025408
-0.26014
0.041626
0.44338
0.028934
-0.12104
0.044524
0.34731
