0.013916
-0.0086666
0.063337
0.084492
-0.031294
-0.024204
0.080713
0.17371
0.015232
-0.010567
0.078914
0.17154
-0.0029219
-0.011176
0.038581
0.082547
-0.040942
0.0072419
0.076584
0.17126
0.044481
0.032175
0.12911
0.24535
-0.012237
0.025695
0.14975
0.19143
-0.072662
-0.022279
0.15546
0.18128
-0.0103
-0.018386
0.093917
0.20775
0.040874
0.011005
0.11698
0.28455
-0.025686
-0.020935
0.10893
0.23958
-0.21824
-0.033599
0.28918
0.26034
-0.010473
-0.00029512
0.064938
0.16248
0.025782
-0.016244
0.068195
0.19895
-0.026153
-0.0042957
0.068753
0.17371
-0.096378
-0.028597
0.26476
0.2352
