0.0052274
-0.0051144
0.04131
0.090187
0.0014579
0.016937
0.045546
0.21321
-0.018323
0.011071
0.037155
0.24782
-0.023159
0.010278
0.045749
0.15391
0.035793
-0.03683
0.065863
0.22385
-0.032875
-0.11704
0.081481
0.31833
0.02971
-0.08503
0.089304
0.43381
-0.0065774
-0.026885
0.071912
0.30883
0.0055561
0.013752
0.098623
0.17243
0.0085454
0.10827
0.092105
0.25567
0.046793
0.067174
0.094459
0.31022
-0.076968
0.019692
0.11411
0.19721
-0.0027572
0.055232
0.045314
0.079361
0.023895
0.040549
0.053771
0.12437
0.0064052
0.035182
0.060881
0.15358
-0.02008
0.036679
0.037981
0.089601
