0.0027222
0.0098104
0.042362
0.17951
-0.011375
-0.011064
0.098569
0.27794
-0.0031967
-0.029342
0.12209
0.25246
0.020573
-0.030895
0.078617
0.12324
-0.025755
-0.0011872
0.063971
0.18739
0.0039474
0.0037432
0.2045
0.27693
-0.018633
0.067627
0.15598
0.23922
-0.0053186
-0.010104
0.1129
0.23009
-0.05404
-0.052698
0.11819
0.17088
0.072034
-0.10141
0.18554
0.31084
-0.010266
-0.13432
0.12567
0.26271
-0.028867
-0.059285
0.088567
0.21953
-0.0072494
-0.024384
0.05402
0.097715
0.0038246
0.00010203
0.072031
0.14863
0.0054863
0.014737
0.069407
0.18835
0.019903
0.03532
0.04428
0.1497
