-0.033092
0.031568
0.06008
0.10649
-0.032397
-0.039545
0.078416
0.16773
0.0082977
-0.033714
0.076956
0.20355
0.0010475
0.031052
0.036412
0.12545
-0.049615
0.0074406
0.060687
0.16085
-0.041227
0.07835
0.10934
0.29905
0.062038
0.050839
0.12745
0.35433
0.02352
-0.018978
0.073186
0.21306
0.02631
0.02801
0.079129
0.25768
-0.1074
0.077796
0.14621
0.29829
-0.024032
0.052944
0.081292
0.19495
-0.012505
0.032785
0.057926
0.20828
0.0073586
-0.027161
0.054048
0.23723
-0.0017657
-0.028605
0.071876
0.32136
0.010645
0.0020762
0.04655
0.2111
-0.0060379
-0.00065767
0.035629
0.15111
