0.0051664
0.0092075
0.054463
0.086419
-0.0059405
0.0089653
0.071065
0.12261
-0.022449
-0.0059693
0.071447
0.15207
-0.19457
0.0069227
0.2223
0.077467
0.0010905
-0.0076112
0.080195
0.15212
-0.015271
-0.017317
0.12981
0.23052
-0.013569
0.009317
0.13165
0.21682
-0.21708
0.02397
0.40051
0.14322
0.0034951
-0.0025531
0.078713
0.14655
-0.0039035
-0.014701
0.10911
0.23668
-0.040015
-0.016421
0.13043
0.20751
-0.15964
0.016553
0.31608
0.2014
-0.014251
-0.003228
0.051226
0.11151
0.012449
-0.015298
0.084446
0.17185
-0.024711
-0.016078
0.0933
0.1859
-0.043999
0.039434
0.093046
0.14546
