0.026665
-0.033198
0.059859
0.13716
-0.0058602
-0.026096
0.081017
0.20896
-0.03602
-0.032826
0.088138
0.2538
-0.0026158
-0.049706
0.043374
0.088145
0.04005
0.058695
0.052715
0.22683
0.020632
0.087298
0.0947
0.29984
-0.060605
0.081161
0.098962
0.34638
-0.024511
0.024617
0.064081
0.23989
0.017579
-0.088575
0.027722
0.24827
-0.010637
-0.17016
0.048692
0.36723
-0.054627
-0.16813
0.064296
0.35276
-0.023403
-0.072044
0.06157
0.17912
0.0088632
-0.00019969
0.020998
0.092255
-0.010665
-0.0036595
0.019908
0.11153
-0.011181
0.0031996
0.023193
0.074994
0.0041459
0.01731
0.022255
0.040948
