0.018095
-0.00099738
0.020911
0.0096409
0.012101
0.010719
0.050598
0.0294
0.034343
0.014034
0.041614
0.027519
0.018813
0.016292
0.02726
0.028831
0.0072148
0.056589
0.02626
0.075639
0.032989
0.0705
0.058479
0.12393
0.024514
0.0051704
0.057083
0.088677
0.058208
-0.021828
0.060897
0.063316
0.020682
-0.016971
0.052566
0.35897
0.016771
0.057052
0.054111
0.52942
0.017133
0.083026
0.044773
0.45296
0.014446
0.052299
0.02543
0.25863
0.017364
-0.07748
0.019536
0.1067
0.025957
-0.15597
0.02951
0.22166
0.020294
-0.18595
0.023279
0.2344
0.0086081
-0.12901
0.011131
0.16505
