0.018006
0.023223
0.048381
0.070051
0.05232
0.025875
0.093105
0.12176
0.0049177
0.033955
0.093393
0.12961
0.010543
8.0296e-05
0.069998
0.099422
0.017555
0.023772
0.087749
0.13795
0.13119
0.097923
0.21872
0.33095
-0.032876
0.081974
0.21237
0.30271
-0.029896
0.00461
0.10832
0.1777
0.032342
0.040202
0.082333
0.15765
0.092797
0.008559
0.22419
0.27665
-0.065333
-0.028339
0.2168
0.34192
-0.040507
-0.014493
0.12636
0.1848
0.028103
0.02092
0.072592
0.1224
0.0056146
0.016929
0.14288
0.22336
-0.029675
-0.014507
0.094631
0.14522
-0.028708
0.0081557
0.060897
0.065591
