0.0012895
-0.0010449
0.0047079
0.0024874
-0.0011839
-0.0006934
0.0050815
0.0020672
0.0005191
0.0013652
0.0033135
0.0015375
0.00083077
0.0039838
0.0017759
0.0040668
0.041492
0.11024
0.043118
0.11457
0.083674
0.29279
0.086787
0.30534
0.04987
0.33061
0.058909
0.33471
0.030099
0.19796
0.032859
0.21644
0.042832
0.021909
0.093824
0.2174
0.0017403
-0.11105
0.077193
0.32723
0.0046162
-0.18992
0.032572
0.35478
0.0099552
-0.13639
0.019583
0.20109
-0.005544
-0.043372
0.028092
0.051712
-0.035333
-0.047674
0.051497
0.11234
0.0052452
-0.062483
0.022702
0.12462
0.012135
-0.04663
0.031812
0.091914
