0.020335
-0.043336
0.051162
0.13886
0.010545
-0.039228
0.066728
0.20736
0.00079576
0.025331
0.048129
0.14548
0.0097205
0.056561
0.041881
0.11325
0.014869
0.068902
0.08592
0.29413
-0.019088
0.057532
0.12274
0.37167
-0.016076
-0.0086299
0.1359
0.26216
0.053666
-0.059398
0.072334
0.13928
-0.071659
-0.017919
0.10165
0.1543
0.03155
-0.042407
0.16289
0.33714
-0.031567
0.099896
0.11188
0.31888
0.039365
0.067149
0.092844
0.24131
-0.049981
0.02483
0.075973
0.16309
0.017958
0.056233
0.09687
0.19843
-0.00013662
0.036848
0.051416
0.13503
-0.035289
-0.036189
0.055802
0.11873
