-0.016052
-0.031185
0.065549
0.11304
-0.011981
0.013849
0.094892
0.13029
0.0060573
0.029274
0.11645
0.15938
0.019788
0.0093053
0.07263
0.091844
0.0076058
0.019881
0.12719
0.15759
-0.046197
0.004335
0.24907
0.30679
-0.012037
-0.028369
0.27046
0.27537
0.025415
-0.012801
0.10556
0.13322
0.0027119
-0.002875
0.14637
0.17978
-0.047726
-0.010683
0.21417
0.29715
0.012976
0.0095136
0.19496
0.33918
-0.0063034
0.01728
0.12635
0.15866
-0.004406
0.0065512
0.09922
0.10356
-0.0093633
0.018779
0.13381
0.16915
0.00012165
-0.012238
0.14079
0.15892
0.012484
-0.0029976
0.10027
0.11744
