-0.0088302
0.018944
0.11266
0.1436
-0.015396
0.025387
0.13925
0.21475
0.10627
0.00020365
0.15935
0.12617
0.021373
0.011189
0.033939
0.049859
0.0020026
-0.0031251
0.26256
0.21985
-0.028638
-0.054884
0.3506
0.35277
0.14475
-0.030224
0.25455
0.12439
0.028427
-0.027854
0.057084
0.042737
-0.024734
0.0087102
0.211
0.21718
-0.030878
-0.0082553
0.32065
0.24212
0.14411
0.016735
0.1736
0.056836
0.012414
-0.026646
0.032062
0.027305
-0.044398
0.016085
0.05466
0.086214
0.0010463
0.01495
0.15026
0.1048
0.052203
-0.0088923
0.057464
0.027922
0.0039366
-0.015332
0.0066406
0.015479
