0.18472
0.0014853
0.18505
0.025834
0.1461
0.019054
0.15383
0.13208
-0.010477
-0.0052283
0.053609
0.077788
-0.00014912
-0.013646
0.026892
0.069561
0.29684
0.0081883
0.29977
0.026516
0.19088
-0.0058585
0.23827
0.13015
-0.0080268
-0.019377
0.059818
0.13101
0.007933
0.008763
0.037879
0.098895
0.31959
0.0010239
0.32198
0.026367
0.19391
0.03591
0.25206
0.14656
0.0012769
0.051758
0.048836
0.14401
-0.029371
0.019088
0.047937
0.096237
0.19718
-0.0052619
0.19843
0.014179
0.13384
-0.026253
0.15063
0.10116
0.00011935
-0.042325
0.052181
0.14275
-0.0069447
0.0017648
0.03686
0.080941
