0.0096513
-0.040084
0.059723
0.11204
-0.06974
-0.10907
0.097855
0.19177
-0.082063
-0.061315
0.12475
0.21957
-0.034412
0.013478
0.058268
0.10954
0.0098152
-0.051249
0.10756
0.1746
-0.098182
-0.064172
0.16163
0.28731
-0.044013
-0.011157
0.12902
0.30958
-0.027314
-0.015943
0.070706
0.15176
-0.019094
-0.031421
0.084248
0.1828
-0.099347
-0.075148
0.1468
0.39415
-0.033905
-0.07844
0.10946
0.30266
-0.0079292
-0.0069681
0.073515
0.22226
-0.0097857
-0.0092197
0.059931
0.086
-0.07654
0.0072114
0.10598
0.17543
-0.009411
0.027896
0.089069
0.16575
0.010368
-0.0056299
0.053089
0.13732
