0.035307
-0.0045998
0.084686
0.079893
-0.002269
-0.011405
0.12141
0.2017
0.012122
-0.044137
0.045996
0.21683
0.0068072
-0.030814
0.019492
0.13977
0.057321
0.0018182
0.11023
0.11361
-0.00062511
0.00086513
0.177
0.31144
0.010222
0.0097783
0.075785
0.39166
0.0019181
0.0060141
0.033331
0.24899
0.044204
0.014042
0.11647
0.12036
-0.016024
-0.00121
0.13841
0.29602
0.015477
0.012151
0.060637
0.41594
0.0014252
0.01057
0.02474
0.26443
0.028829
0.0010259
0.074039
0.062386
-0.012966
-0.008895
0.089438
0.13528
0.018672
-0.012388
0.040675
0.19114
0.0016557
-0.0043819
0.01564
0.13284
