-0.012687
0.0099128
0.11433
0.11154
0.0059928
0.01138
0.15852
0.23848
0.023022
0.0056232
0.194
0.18765
-0.021443
-0.03131
0.11101
0.090481
-0.0070631
-0.013871
0.10752
0.23598
0.035139
-0.006576
0.15657
0.39411
-0.0011059
-0.026819
0.14826
0.39979
-0.013911
0.011897
0.10743
0.21666
-0.01907
0.015556
0.05835
0.25462
-0.0099306
-0.031772
0.087665
0.30788
0.011515
-0.06167
0.05962
0.23722
0.0072879
-0.023577
0.039911
0.1114
-0.0076498
0.031216
0.016498
0.073007
-0.0098886
0.078201
0.026057
0.10753
-0.001821
0.04865
0.035203
0.1211
0.0040749
0.00071733
0.034335
0.10669
