0.011326
0.0068269
0.10879
0.15009
-0.002736
0.0099713
0.095219
0.2438
-0.0039129
-0.0098869
0.066859
0.12878
0.00722
0.0048887
0.03773
0.083166
0.021523
-0.041758
0.19025
0.17456
0.019156
-0.028635
0.12417
0.27185
0.03029
0.076392
0.1312
0.26274
-0.0069039
0.033004
0.089012
0.14664
-0.02859
-0.01832
0.21675
0.23548
0.077263
-0.049879
0.17348
0.26992
0.048876
-0.078699
0.12833
0.2528
-0.022242
-0.039262
0.11769
0.20599
-0.017992
0.015877
0.13703
0.17843
0.040036
0.021337
0.13255
0.26354
0.0052211
0.0033819
0.090306
0.21312
0.0077674
0.010558
0.059187
0.15646
