0.010727
-0.0052239
0.13657
0.085287
0.025879
-0.0074372
0.20832
0.096064
0.02944
0.018612
0.19324
0.14762
0.023131
0.0048191
0.026398
0.021856
-0.0061229
0.00036088
0.14692
0.14085
0.0052807
-0.0083437
0.32928
0.17958
0.06715
-0.019943
0.32275
0.25997
0.031909
0.00077752
0.037249
0.021664
0.01517
-0.026467
0.24001
0.13313
0.0088471
-0.0019103
0.32032
0.19983
0.075497
0.0018667
0.32774
0.1758
0.033178
0.0012569
0.036624
0.012195
0.013214
-0.0085891
0.15111
0.08982
0.030047
-0.0033806
0.21412
0.12713
0.041398
0.016955
0.147
0.11399
0.01451
0.0009843
0.017729
0.0056902
