0.0047609
-0.014674
0.14804
0.082343
-0.0052108
-0.018258
0.24506
0.13951
0.054538
0.0037426
0.11852
0.069145
-0.0096898
0.00068538
0.011196
0.0059012
8.851e-05
0.011853
0.26316
0.090214
-0.0081471
0.006347
0.42142
0.15743
0.10113
-0.015637
0.17969
0.068037
-0.0073891
-0.001749
0.0098759
0.0087245
0.017493
-0.013089
0.25293
0.17355
-0.014718
-0.026842
0.41948
0.22939
0.10733
-0.0043896
0.19408
0.089294
-0.0062979
-0.0056276
0.0080245
0.010682
0.0024512
-0.0083044
0.1768
0.06735
0.0060966
-0.00078686
0.26825
0.16617
0.060719
-0.003519
0.11086
0.091587
-0.0031077
-0.0040584
0.0055763
0.0062469
