-0.0025315
0.0085896
0.0070973
0.019097
-0.00038271
0.015579
0.0047533
0.025175
0.00080305
0.014793
0.0047619
0.024083
0.0035866
0.0078307
0.0058926
0.014692
-0.0068486
-0.0076704
0.02254
0.050556
0.0036099
-0.018031
0.020729
0.059236
-0.0034286
-0.019568
0.010161
0.05349
0.0026822
-0.0077964
0.0070567
0.026684
0.023839
0.24116
0.038616
0.26881
0.027308
0.38735
0.04202
0.43552
0.0090422
0.38238
0.02079
0.45877
0.00089692
0.2367
0.010813
0.27614
0.0073823
0.033791
0.0089197
0.058825
0.0038344
0.041941
0.0067666
0.061907
-0.0055119
0.036833
0.0078134
0.066526
-0.008889
0.024684
0.010045
0.066926
