-0.0016521
0.023806
0.046781
0.074792
-0.0040832
0.037135
0.035909
0.057888
-0.00083236
0.036525
0.026876
0.049742
0.00055199
0.013252
0.015712
0.019824
0.077378
-0.11266
0.10591
0.19737
0.084829
-0.060078
0.15906
0.35224
-0.0046291
0.14581
0.098383
0.28572
-0.016577
0.13183
0.046239
0.1641
0.011585
-0.015791
0.023177
0.043376
0.086461
-0.16205
0.093904
0.20187
0.11215
-0.28555
0.13737
0.42523
0.056984
-0.1815
0.090167
0.40324
0.00089143
-0.0003739
0.010515
0.019929
0.0015187
0.0034327
0.009596
0.023268
0.0044039
-0.0049456
0.0096601
0.028982
0.010575
-0.029911
0.01167
0.04253
