-0.0020435
-0.036892
0.047614
0.13846
-0.046785
-0.036158
0.067263
0.20539
-0.01654
-0.046031
0.056853
0.17775
-0.0048296
-0.051388
0.035191
0.094176
-0.0096402
-0.024518
0.075625
0.2624
-0.036899
0.032464
0.085644
0.41199
0.0092842
0.065026
0.064342
0.39575
-0.01506
0.078214
0.063697
0.20915
0.0092764
0.043899
0.068656
0.27001
-0.0042688
0.074576
0.096501
0.30267
0.025576
0.1129
0.10076
0.28618
-0.028519
0.051573
0.090769
0.11508
0.009486
-0.024181
0.034476
0.13162
0.019545
-0.004198
0.089821
0.16494
-0.017469
-0.027844
0.076245
0.12504
-0.010085
-0.0098043
0.058088
0.07437
