-0.016341
0.022117
0.041525
0.10473
-0.023208
0.053506
0.068012
0.18535
-0.037152
-0.013364
0.08675
0.31742
-0.012089
-0.00083039
0.032966
0.19306
0.020484
-0.10431
0.060475
0.19257
-0.011576
-0.072271
0.092036
0.23105
-0.010924
-0.0054067
0.10115
0.37462
-0.0068692
0.034782
0.087989
0.25685
0.027281
-0.055359
0.078791
0.13926
0.043928
-0.0286
0.11355
0.21261
0.0046716
0.037393
0.095358
0.30602
-0.013729
0.022867
0.092342
0.28199
-0.00029949
0.02267
0.048031
0.098675
0.065898
-0.019641
0.083757
0.20626
0.030584
-0.035935
0.049565
0.24961
0.0064507
-0.00053486
0.034911
0.18059
