0.037127
-0.026192
0.061802
0.10809
-0.0025987
-0.048903
0.087576
0.20636
-0.019106
-0.024559
0.064918
0.16802
-0.018749
-0.007629
0.054825
0.092917
0.059413
-0.063727
0.097368
0.18719
0.051481
-0.052929
0.14494
0.35051
-0.027029
-0.026808
0.14945
0.25572
-0.032306
-0.032999
0.097527
0.14743
0.041264
-0.09057
0.082044
0.26322
0.12842
-0.19878
0.15326
0.31883
0.01307
-0.13891
0.15196
0.30999
-0.014683
-0.067271
0.086445
0.20681
0.0010593
0.020309
0.056479
0.071942
0.029026
0.0039044
0.083488
0.11714
0.0088331
-0.066247
0.10524
0.18526
-0.010508
-0.033991
0.047674
0.12611
