-0.009998
0.026034
0.040202
0.094828
-0.010655
-0.015114
0.075105
0.1663
0.033723
-0.050138
0.043436
0.21202
0.0035102
-0.036772
0.023363
0.13521
0.04219
-0.028851
0.098325
0.15683
-0.017986
0.1562
0.10346
0.26896
-0.011086
0.18022
0.084756
0.3373
-0.028893
0.03696
0.060127
0.13115
0.065406
0.043592
0.10678
0.19358
-0.034619
-0.058402
0.11922
0.31301
-0.019382
-0.095794
0.097427
0.45743
-0.011529
-0.0075902
0.089626
0.17515
-0.034504
-0.0074947
0.071579
0.083304
-0.0026838
-0.02771
0.12056
0.18447
0.012967
0.010912
0.06664
0.21431
0.0064631
-0.0029417
0.033392
0.097823
