0.027955
0.053164
0.064911
0.11094
-0.0515
0.0061728
0.13941
0.16821
-0.059648
-0.057096
0.13594
0.17053
-0.054718
-0.026715
0.084566
0.089008
-0.013385
-0.053573
0.12041
0.14453
-0.17078
-0.15589
0.19886
0.29169
-0.09238
-0.13043
0.15752
0.29755
-0.050313
-0.070965
0.10094
0.18542
-0.050712
-0.10891
0.13618
0.22378
-0.095412
-0.097973
0.1848
0.27237
-0.035145
-0.057438
0.14919
0.23428
-0.041231
-0.027866
0.071042
0.21124
-0.0047376
-0.026511
0.0785
0.084828
-0.050845
0.00024164
0.081651
0.17992
-0.057638
-0.022623
0.075791
0.14725
-0.0086723
-0.011448
0.05511
0.1208
