0.028028
-0.010134
0.035586
0.010361
0.24468
-0.039608
0.24468
0.040967
0.039674
-0.01189
0.039674
0.014702
0.0081377
-0.009294
0.010359
0.025572
0.02375
-0.0078928
0.02858
0.0081889
0.40869
-0.056906
0.40869
0.058527
0.077789
-0.020087
0.077789
0.023672
0.012086
-0.013707
0.013945
0.015463
0.025253
-0.0067206
0.025828
0.0068992
0.41433
-0.033127
0.41433
0.034028
0.097183
-0.015948
0.097183
0.019539
0.012332
-0.011674
0.014194
0.013311
0.016931
-0.0033571
0.016937
0.0035553
0.26294
0.013248
0.26294
0.024523
0.05913
-0.0071891
0.05913
0.012811
0.0062653
-0.0080971
0.0071489
0.008405
