-0.056562
0.015419
0.059988
0.06766
0.017305
-0.053885
0.10278
0.11844
0.024594
-0.050896
0.063163
0.17293
-0.0034726
-0.036533
0.069099
0.15729
-0.014154
-0.04932
0.082113
0.17474
-0.066741
0.0021282
0.19276
0.20759
0.095187
-0.0059037
0.23045
0.305
-0.054638
0.0096526
0.10554
0.21581
-0.021331
0.0013279
0.072345
0.15408
0.0064826
0.090034
0.17551
0.28181
0.11686
0.050128
0.21029
0.34153
-0.066521
0.027359
0.098353
0.17523
0.018648
0.035561
0.055713
0.1632
-0.0036781
0.044549
0.11254
0.23486
-0.072558
-0.056586
0.13962
0.1767
0.011576
-0.029249
0.051558
0.13272
