0.040648
-0.022134
0.050211
0.15491
-0.041393
-0.031178
0.086785
0.20768
0.026295
0.0080335
0.10511
0.19833
0.0082603
0.0025388
0.034332
0.14015
0.02017
-0.038373
0.052289
0.2766
-0.059478
-0.092034
0.10978
0.37691
0.05467
-0.034455
0.13412
0.26806
0.0046339
-0.01889
0.037309
0.12774
0.0028887
0.0050635
0.05691
0.23952
0.059033
0.091797
0.13609
0.3932
0.02143
0.085383
0.11176
0.22458
-0.0081394
-0.030248
0.040477
0.12039
-0.018286
-0.021696
0.045425
0.086691
0.0038732
-0.11658
0.091764
0.20789
0.019289
-0.066945
0.097265
0.22425
0.0068987
0.016782
0.041939
0.10403
