-0.056889
0.064402
0.059159
0.085267
-0.01154
-0.0043274
0.020093
0.05581
0.0020109
-0.0015689
0.011239
0.041146
0.00018546
-0.0026523
0.0093245
0.017028
-0.19971
0.21418
0.19981
0.22081
-0.17171
0.19046
0.19317
0.22116
-0.0038249
0.014259
0.023756
0.069713
-0.010768
0.0029547
0.016667
0.045555
-0.088683
0.073585
0.089266
0.074122
-0.33259
0.26042
0.33447
0.26508
-0.15812
0.11908
0.16147
0.16256
-0.0048903
0.0020744
0.01409
0.034619
-0.029981
0.0083733
0.036875
0.019243
-0.12309
0.062367
0.12309
0.064336
-0.18554
0.14361
0.18605
0.14891
-0.042101
0.041403
0.045753
0.050566
