0.0087671
-0.00046477
0.02362
0.006437
0.02051
0.023754
0.20335
0.12652
0.0044722
-0.0033083
0.19973
0.19465
0.024704
0.011523
0.087712
0.10499
0.027633
0.0015187
0.051212
0.008126
0.028801
-0.027507
0.35238
0.17848
0.005768
-0.0034539
0.34713
0.30756
0.045345
-0.019628
0.15459
0.18039
0.014295
0.024106
0.079715
0.058043
0.031473
-0.027625
0.22543
0.26022
0.019437
-0.057886
0.23022
0.33253
0.017368
-0.024615
0.1042
0.21095
0.0037298
-0.0064886
0.084091
0.052193
-0.010196
-0.018247
0.097288
0.11477
0.0050609
-0.008391
0.047216
0.10841
0.013018
-0.011492
0.032329
0.076842
