-0.011029
-0.036093
0.064875
0.12936
0.0041669
-0.046447
0.073642
0.18583
-0.014386
0.011554
0.053355
0.16037
0.025206
0.0060131
0.060026
0.14302
-0.007643
-0.00074553
0.098237
0.15629
0.080222
0.08894
0.13662
0.31762
0.045503
0.077244
0.071138
0.46664
-0.035191
0.0084035
0.085583
0.23684
-0.019163
0.041522
0.070485
0.13919
0.014019
-0.065794
0.10194
0.286
0.012679
-0.098046
0.052155
0.31512
-0.021103
-0.04203
0.063616
0.1488
0.0063945
-0.02551
0.070349
0.11237
0.012013
0.098339
0.072053
0.19303
-0.0027191
0.083588
0.052358
0.25066
-0.021944
0.017999
0.057144
0.088005
