0.023037
0.06548
0.054602
0.10131
0.060781
0.092732
0.081681
0.13273
0.014953
0.028787
0.062612
0.19884
-0.00054248
-0.01436
0.046197
0.15427
0.026835
0.028472
0.092243
0.1206
-0.011834
-0.066455
0.11095
0.24456
-0.041345
-0.15327
0.080179
0.38009
0.000597
-0.10154
0.066074
0.23894
0.01165
0.0033671
0.087804
0.20906
-0.032018
0.02131
0.12944
0.31246
0.0086669
0.085799
0.096285
0.39314
-0.04391
0.095679
0.089802
0.23014
0.0066916
0.0025161
0.032036
0.066457
-0.011567
-0.016744
0.11538
0.16513
-0.0017979
-0.024705
0.098858
0.19571
-0.014628
-0.0041509
0.05423
0.12815
