-0.0053477
-0.02288
0.060382
0.088326
-0.028172
-0.10287
0.06713
0.17512
-0.062103
-0.070738
0.07797
0.23013
0.0035127
-0.026637
0.068204
0.11419
-0.077919
-0.063498
0.09043
0.14028
-0.053526
-0.14528
0.121
0.27632
-0.0033183
-0.11061
0.11965
0.31483
-0.0065277
-0.045065
0.096223
0.17798
-0.057134
0.02963
0.073595
0.16995
-0.041816
0.047335
0.12815
0.37224
0.021337
0.097006
0.16143
0.35753
-0.051718
0.032117
0.086589
0.13753
-0.045651
-0.0025344
0.067644
0.11764
-0.077569
-0.05116
0.11334
0.1574
0.034713
-0.088339
0.08068
0.20226
-0.019169
-0.0013432
0.065145
0.12015
