-0.012443
0.023996
0.0506
0.14526
0.0007739
0.042319
0.058619
0.10963
-0.034519
0.019044
0.057613
0.096646
-0.052978
-0.0010816
0.070596
0.12236
-0.00043736
0.033018
0.091813
0.26515
-0.036438
-0.058555
0.14553
0.34508
0.020822
-0.10276
0.12659
0.33979
-0.085107
0.028518
0.10595
0.23403
-0.015679
-0.078041
0.076069
0.20477
-0.079295
-0.015949
0.13763
0.3006
0.066294
0.0036451
0.11059
0.3446
0.0052514
0.065475
0.10607
0.2539
-0.0058958
-0.019237
0.032194
0.12951
0.0004473
0.0037075
0.066017
0.20286
0.022838
-0.0028873
0.05544
0.10765
0.011208
-0.049054
0.05577
0.10064
