-0.010192
-0.051012
0.055643
0.091815
0.055881
-0.08429
0.10434
0.12621
0.023532
-0.043604
0.089554
0.089287
0.0047334
-0.024687
0.047562
0.06549
-0.051044
0.02763
0.1948
0.12662
0.13883
0.05203
0.32866
0.18812
0.046184
0.023769
0.32073
0.17724
0.011373
0.011265
0.16622
0.13377
-0.0064909
0.04995
0.22379
0.13627
0.056294
0.048152
0.2874
0.15908
0.0093828
-0.0031741
0.3026
0.13884
0.015079
-0.00083689
0.23878
0.094693
0.0084929
0.0068379
0.13456
0.061488
0.0003803
0.0037609
0.18311
0.1329
0.0058737
-0.0022525
0.21852
0.10661
0.0080648
-0.0027774
0.1436
0.05293
