0.00089348
0.00055322
0.0024441
0.0023462
0.00013383
0.0029805
0.0028614
0.005443
-0.0035523
0.0035374
0.0045477
0.0052823
-0.0020853
0.0021561
0.0028157
0.0038379
0.00024212
0.053573
0.0041038
0.054671
-0.0042943
0.064724
0.0071895
0.069654
-0.0076555
0.034957
0.0088602
0.038062
-0.0029896
0.0057598
0.0039349
0.007106
-0.008701
-0.059238
0.019114
0.45249
-0.021124
-0.090908
0.043849
0.62343
-0.0097408
-0.059057
0.059079
0.47413
-0.015132
-0.0056556
0.044792
0.2473
-0.0039738
-0.056515
0.0073361
0.094464
-0.00089261
-0.083066
0.01067
0.13115
0.0071664
-0.089288
0.014944
0.13587
0.0088454
-0.063782
0.017229
0.10529
