-0.017442
0.0040389
0.066527
0.13177
0.043098
0.011294
0.095002
0.20229
-0.02976
-0.069637
0.17524
0.23935
-0.014721
-0.04292
0.10192
0.1634
0.01238
0.051971
0.09779
0.19449
-0.072679
-0.010829
0.15989
0.34648
-0.0062213
0.024458
0.18373
0.28744
-0.014265
0.042927
0.092835
0.18646
-0.01765
-0.042957
0.08263
0.138
-0.092664
-0.073689
0.14907
0.27741
0.032282
-0.060379
0.10258
0.17036
0.0068425
-0.041207
0.051636
0.13942
-0.031787
0.0051936
0.046555
0.15352
-0.021729
0.023111
0.080863
0.26546
0.011494
0.045919
0.064599
0.26886
-0.0086041
0.021615
0.049627
0.18324
