0.0051309
-0.026606
0.064355
0.099411
-0.014054
-0.01993
0.13219
0.19194
-0.00075208
0.0023086
0.15905
0.18434
-0.0025634
-0.0053837
0.065969
0.13455
0.015881
-0.00084113
0.089355
0.21224
0.00043579
0.0062066
0.17705
0.32025
0.0085117
0.0063338
0.1505
0.30516
-0.012915
0.0027453
0.089088
0.18463
0.021381
-0.016072
0.17016
0.15161
-0.036548
-0.049917
0.19735
0.25025
0.017699
-0.059786
0.31396
0.20771
-0.020282
-0.04178
0.19162
0.13302
-0.0033878
-0.030984
0.091591
0.11603
-0.0031898
-0.019075
0.11811
0.18142
-0.010558
-0.023143
0.12457
0.20473
0.0040451
-0.0084787
0.08482
0.087136
