-0.012787
-0.002758
0.056883
0.15615
-0.011529
0.040313
0.10077
0.21117
-0.024296
0.019877
0.077875
0.21936
-0.032122
-0.015861
0.07055
0.14332
0.007792
0.01509
0.063616
0.16346
-0.039917
-0.061069
0.11536
0.24377
-0.066005
-0.099472
0.13124
0.21845
0.020406
-0.016153
0.067122
0.12479
-0.0075215
-0.041758
0.077753
0.19556
-0.024212
-0.011499
0.12341
0.35083
-0.032096
0.074707
0.11034
0.36747
0.0016514
0.048076
0.060592
0.20448
-8.7223e-05
-0.025083
0.040976
0.16966
0.0012774
-0.052581
0.064147
0.27876
0.0042017
-0.078558
0.058283
0.29413
0.0035371
-0.041943
0.04596
0.14925
