-0.036658
0.036665
0.055922
0.075659
0.070697
0.11159
0.1443
0.23148
0.019311
0.091696
0.087594
0.21963
-0.0026017
0.011744
0.031563
0.11517
-0.037407
0.032033
0.069873
0.13681
0.071098
-0.0062134
0.18025
0.31215
0.044566
-0.079786
0.11496
0.26258
-0.028232
0.022906
0.06076
0.19355
-0.020033
0.013037
0.074697
0.22185
-0.05191
-0.035409
0.21875
0.35701
0.038547
-0.033888
0.10799
0.32232
0.021439
-0.030382
0.053648
0.23006
-0.0074849
0.0051399
0.043458
0.13245
-0.031848
0.056895
0.078972
0.20099
0.0035713
-0.00067343
0.047542
0.17649
-0.0029156
-0.016251
0.028175
0.092667
