0.028195
-0.0094442
0.049383
0.11345
-0.005464
0.046749
0.068777
0.13751
-0.002976
0.06108
0.048717
0.12222
0.010487
0.01879
0.028717
0.089027
-0.027379
0.05815
0.053817
0.15437
0.043772
-0.013629
0.088587
0.31533
0.0027884
-0.049371
0.05836
0.35752
0.0043137
-0.010577
0.03958
0.17176
-0.059441
-0.052903
0.070059
0.18429
-0.013421
-0.055861
0.11951
0.42604
0.0487
-0.020565
0.11959
0.45751
0.011846
-0.011711
0.077607
0.12098
0.0022699
-0.011325
0.038177
0.11995
0.0080019
-0.012671
0.06552
0.25158
-0.017678
-0.037673
0.058349
0.18688
0.0069762
-0.047571
0.020773
0.06578
