-0.00045103
0.0028031
0.001602
0.0055226
-0.0025926
0.0039156
0.0031994
0.0094276
-0.0023984
0.0034017
0.0027932
0.0098681
-0.0014162
0.0019648
0.0019213
0.0068049
0.012594
0.10293
0.015968
0.12005
0.011802
0.15276
0.019457
0.27945
0.0013119
0.13971
0.01114
0.34546
-0.0017224
0.096108
0.0086745
0.22107
-0.0032463
-0.12301
0.034599
0.28787
-0.0095506
-0.21284
0.031152
0.4409
-0.0096761
-0.22621
0.021087
0.425
0.005069
-0.14925
0.013302
0.27165
0.0011274
-0.0033385
0.014846
0.042458
-0.0063558
0.0011206
0.013274
0.043716
-0.00083103
0.0038555
0.018065
0.029877
0.0027625
0.009148
0.018099
0.026959
