0.053349
-0.0043753
0.10835
0.11959
0.0091288
0.0063185
0.073527
0.20477
0.0073846
-0.0052909
0.078571
0.21164
-0.00638
0.031705
0.051189
0.13423
0.10835
0.012554
0.17975
0.15561
-0.016997
0.028976
0.13429
0.29058
0.0088137
0.052458
0.12169
0.30374
-0.020447
-0.0062157
0.079787
0.22587
0.10216
-0.004955
0.15281
0.13343
-0.017166
-0.028672
0.10758
0.26367
-0.0055134
-0.10392
0.1356
0.33646
-0.027667
-0.040025
0.093959
0.22723
0.033318
0.008028
0.11353
0.14432
-0.0112
-0.019489
0.080702
0.22353
0.013371
-0.001187
0.091189
0.17886
-0.057152
-0.017739
0.10356
0.15937
