-0.0052153
-0.065045
0.062885
0.11507
0.035314
-0.063757
0.054656
0.18952
0.010683
-0.021703
0.049202
0.21223
-0.0030398
-0.026186
0.040201
0.15273
-0.014227
0.05924
0.13663
0.14198
0.13165
0.11003
0.18229
0.30204
-0.035164
0.1171
0.11803
0.31185
0.012293
0.04595
0.12552
0.18867
-0.0093782
0.01867
0.045916
0.1738
0.062306
-0.10077
0.13361
0.30221
-0.0084431
-0.063768
0.12195
0.33703
-0.013284
-0.051978
0.075822
0.20036
-0.034651
0.0081759
0.057129
0.1259
-0.041025
-0.064965
0.086645
0.23994
0.027342
-0.089052
0.10866
0.15348
-0.016088
-0.0050522
0.052494
0.093165
