0.092365
-0.0079343
0.1322
0.067431
-0.014336
-0.0076219
0.048336
0.11357
0.0062429
-0.0078847
0.032992
0.11623
-0.0027238
-0.0068828
0.022871
0.072869
0.1398
0.0062195
0.17806
0.082497
-0.021455
-0.0020133
0.048353
0.11477
0.01964
0.021565
0.054775
0.16892
-0.015011
0.02167
0.038475
0.10506
0.15294
-0.0087783
0.17198
0.089466
-0.01393
0.013324
0.039946
0.22995
-0.0099999
-0.010468
0.064368
0.23746
-0.017952
-0.017092
0.041398
0.16214
0.049766
-0.17063
0.057434
0.22599
0.0016941
-0.30383
0.018363
0.37114
-0.0098516
-0.28823
0.028597
0.34049
0.0024875
-0.17942
0.01506
0.24428
