-0.032506
-0.0029498
0.088711
0.09743
-0.010014
-0.016997
0.19882
0.20038
-0.022618
-0.0087439
0.18763
0.20598
-0.040182
-0.00081264
0.079377
0.059058
-0.049175
-0.007807
0.16142
0.25179
-0.022036
-0.0076691
0.29321
0.32028
-0.033764
-0.011233
0.20093
0.28827
-0.052874
-0.003557
0.090603
0.11689
-0.015987
0.029529
0.13006
0.22152
-0.046174
0.032738
0.18253
0.30936
-0.0383
0.008478
0.14394
0.21808
-0.045964
0.016055
0.099238
0.1023
-0.016289
-0.0071667
0.074988
0.098056
-0.027178
0.010998
0.083945
0.13005
-0.028955
0.025025
0.14943
0.11259
-0.02797
0.0085205
0.081719
0.072245
